TITLE = "Visualization of the surface solution"
VARIABLES = "x""y""Conservative_1""Conservative_2""Conservative_3""Conservative_4""Pressure""Temperature""C<sub>p</sub>""Mach""<greek>m</greek>""C<sub>f</sub>_x""C<sub>f</sub>_y""h""y<sup>+</sup>"
ZONE NODES= 200, ELEMENTS= 200, DATAPACKING=POINT, ZONETYPE=FELINESEG
3.124498e-03	-5.613935e-02	1.246606e-01	3.403238e+00	-1.149599e+01	2.706202e+04	1.059420e+04	2.960529e+02	-4.947257e+00	2.788214e-01	1.827179e-05	0.000000e+00	0.000000e+00	0.000000e+00	0.000000e+00	
2.537646e-03	-5.398757e-02	1.246294e-01	3.007696e+00	-1.162552e+01	2.705628e+04	1.059111e+04	2.960405e+02	-4.976775e+00	2.793419e-01	1.827121e-05	0.000000e+00	0.000000e+00	0.000000e+00	0.000000e+00	
2.003081e-03	-5.182751e-02	1.248766e-01	2.588296e+00	-1.161978e+01	2.710727e+04	1.061594e+04	2.961472e+02	-4.739557e+00	2.763312e-01	1.827629e-05	0.000000e+00	0.000000e+00	0.000000e+00	0.000000e+00	
9.997621e-01	-1.104660e-03	1.310321e-01	7.188136e+00	2.262452e+00	2.828590e+04	1.122768e+04	2.984988e+02	1.105163e+00	1.660467e-01	1.838804e-05	0.000000e+00	0.000000e+00	0.000000e+00	0.000000e+00	
1.000000e+00	-1.000000e-03	1.134270e-01	-1.537208e+00	6.089501e+00	2.447909e+04	9.722084e+03	2.985885e+02	-1.327958e+01	1.598432e-01	1.839230e-05	0.000000e+00	0.000000e+00	0.000000e+00	0.000000e+00	
4.487486e-03	-6.053301e-02	1.247046e-01	3.829439e+00	-1.144437e+01	2.707330e+04	1.059575e+04	2.959918e+02	-4.932439e+00	2.805864e-01	1.826888e-05	0.000000e+00	0.000000e+00	0.000000e+00	0.000000e+00	
6.075662e-03	-6.494743e-02	1.244952e-01	4.385249e+00	-1.139317e+01	2.703186e+04	1.057332e+04	2.958620e+02	-5.146711e+00	2.843793e-01	1.826270e-05	0.000000e+00	0.000000e+00	0.000000e+00	0.000000e+00	
1.078855e-03	-4.737133e-02	1.249036e-01	2.067489e+00	-1.156353e+01	2.710975e+04	1.062295e+04	2.962786e+02	-4.672559e+00	2.725519e-01	1.828254e-05	0.000000e+00	0.000000e+00	0.000000e+00	0.000000e+00	
9.990485e-01	-1.418584e-03	1.277529e-01	4.583046e+00	2.242447e+00	2.755330e+04	1.098056e+04	2.994222e+02	-1.255841e+00	1.151329e-01	1.843181e-05	0.000000e+00	0.000000e+00	0.000000e+00	0.000000e+00	
1.000000e+00	0.000000e+00	2.421710e-01	1.937655e+01	1.029946e+02	5.860828e+04	1.437259e+04	2.067489e+02	3.115219e+01	1.501324e+00	1.366593e-05	0.000000e+00	0.000000e+00	0.000000e+00	0.000000e+00	
7.917903e-03	-6.944731e-02	1.244153e-01	4.915224e+00	-1.130102e+01	2.701751e+04	1.056287e+04	2.957593e+02	-5.246576e+00	2.873079e-01	1.825781e-05	0.000000e+00	0.000000e+00	0.000000e+00	0.000000e+00	
1.006240e-02	-7.410536e-02	1.243066e-01	5.449463e+00	-1.118908e+01	2.699721e+04	1.054968e+04	2.956481e+02	-5.372614e+00	2.904583e-01	1.825251e-05	0.000000e+00	0.000000e+00	0.000000e+00	0.000000e+00	
1.251909e-02	-7.888998e-02	1.241994e-01	5.983715e+00	-1.105307e+01	2.697732e+04	1.053654e+04	2.955348e+02	-5.498150e+00	2.936444e-01	1.824711e-05	0.000000e+00	0.000000e+00	0.000000e+00	0.000000e+00	
1.529738e-02	-8.377022e-02	1.240904e-01	6.522072e+00	-1.087913e+01	2.695684e+04	1.052342e+04	2.954263e+02	-5.623461e+00	2.966585e-01	1.824194e-05	0.000000e+00	0.000000e+00	0.000000e+00	0.000000e+00	
1.843145e-02	-8.874565e-02	1.239934e-01	7.056744e+00	-1.065370e+01	2.693839e+04	1.051195e+04	2.953353e+02	-5.733011e+00	2.991484e-01	1.823760e-05	0.000000e+00	0.000000e+00	0.000000e+00	0.000000e+00	
2.196161e-02	-9.382397e-02	1.239227e-01	7.566132e+00	-1.038126e+01	2.692478e+04	1.050359e+04	2.952686e+02	-5.812949e+00	3.009235e-01	1.823442e-05	0.000000e+00	0.000000e+00	0.000000e+00	0.000000e+00	
2.590787e-02	-9.899620e-02	1.238785e-01	8.046472e+00	-1.008533e+01	2.691655e+04	1.049787e+04	2.952132e+02	-5.867557e+00	3.023722e-01	1.823178e-05	0.000000e+00	0.000000e+00	0.000000e+00	0.000000e+00	
3.032086e-02	-1.042944e-01	1.238350e-01	8.508346e+00	-9.770747e+00	2.690844e+04	1.049227e+04	2.951595e+02	-5.921051e+00	3.037753e-01	1.822922e-05	0.000000e+00	0.000000e+00	0.000000e+00	0.000000e+00	
3.519676e-02	-1.096563e-01	1.237880e-01	8.959027e+00	-9.422031e+00	2.689935e+04	1.048663e+04	2.951126e+02	-5.974952e+00	3.049804e-01	1.822698e-05	0.000000e+00	0.000000e+00	0.000000e+00	0.000000e+00	
4.055945e-02	-1.150545e-01	1.237588e-01	9.387033e+00	-9.035788e+00	2.689356e+04	1.048308e+04	2.950822e+02	-6.008887e+00	3.057197e-01	1.822553e-05	0.000000e+00	0.000000e+00	0.000000e+00	0.000000e+00	
4.640551e-02	-1.204388e-01	1.237498e-01	9.783205e+00	-8.617854e+00	2.689150e+04	1.048189e+04	2.950702e+02	-6.020267e+00	3.059433e-01	1.822496e-05	0.000000e+00	0.000000e+00	0.000000e+00	0.000000e+00	
5.272092e-02	-1.257605e-01	1.237605e-01	1.013954e+01	-8.172294e+00	2.689301e+04	1.048313e+04	2.950797e+02	-6.008378e+00	3.055682e-01	1.822541e-05	0.000000e+00	0.000000e+00	0.000000e+00	0.000000e+00	
5.950360e-02	-1.309883e-01	1.237943e-01	1.045200e+01	-7.705180e+00	2.689878e+04	1.048710e+04	2.951109e+02	-5.970468e+00	3.045826e-01	1.822690e-05	0.000000e+00	0.000000e+00	0.000000e+00	0.000000e+00	
4.060150e-04	-4.287040e-02	1.249829e-01	1.335053e+00	-1.163702e+01	2.712652e+04	1.063106e+04	2.963167e+02	-4.595103e+00	2.715837e-01	1.828436e-05	0.000000e+00	0.000000e+00	0.000000e+00	0.000000e+00	
6.675311e-02	-1.360975e-01	1.238500e-01	1.071581e+01	-7.225369e+00	2.690858e+04	1.049369e+04	2.951635e+02	-5.907482e+00	3.029891e-01	1.822941e-05	0.000000e+00	0.000000e+00	0.000000e+00	0.000000e+00	
9.978687e-01	-1.936829e-03	1.288826e-01	3.958265e+00	1.776736e+00	2.779236e+04	1.108773e+04	2.996944e+02	-2.319356e-01	9.700207e-02	1.844470e-05	0.000000e+00	0.000000e+00	0.000000e+00	0.000000e+00	
9.999629e-01	-1.365582e-05	1.790576e-01	8.324381e+00	-2.509883e+01	3.910859e+04	1.486241e+04	2.891523e+02	3.583198e+01	4.332217e-01	1.794130e-05	0.000000e+00	0.000000e+00	0.000000e+00	0.000000e+00	
3.518009e-05	-3.838901e-02	1.247156e-01	4.613656e-01	-1.175865e+01	2.707126e+04	1.060643e+04	2.962641e+02	-4.830333e+00	2.734528e-01	1.828185e-05	0.000000e+00	0.000000e+00	0.000000e+00	0.000000e+00	
7.446654e-02	-1.410710e-01	1.239283e-01	1.093112e+01	-6.748013e+00	2.692272e+04	1.050276e+04	2.952320e+02	-5.820823e+00	3.009359e-01	1.823268e-05	0.000000e+00	0.000000e+00	0.000000e+00	0.000000e+00	
9.962132e-01	-2.660757e-03	1.287757e-01	3.492047e+00	1.543120e+00	2.776729e+04	1.108428e+04	2.998498e+02	-2.649285e-01	8.540409e-02	1.845206e-05	0.000000e+00	0.000000e+00	0.000000e+00	0.000000e+00	
9.987533e-01	-4.587371e-04	1.268708e-01	3.656138e+00	1.807405e+00	2.741624e+04	1.094028e+04	3.003979e+02	-1.640754e+00	9.252095e-02	1.847798e-05	0.000000e+00	0.000000e+00	0.000000e+00	0.000000e+00	
6.353361e-05	-3.460837e-02	1.249076e-01	-9.145315e-01	-1.168362e+01	2.711199e+04	1.062488e+04	2.963232e+02	-4.654073e+00	2.718838e-01	1.828466e-05	0.000000e+00	0.000000e+00	0.000000e+00	0.000000e+00	
8.264737e-02	-1.459032e-01	1.240168e-01	1.110506e+01	-6.278865e+00	2.693877e+04	1.051305e+04	2.953101e+02	-5.722567e+00	2.985981e-01	1.823640e-05	0.000000e+00	0.000000e+00	0.000000e+00	0.000000e+00	
9.940823e-01	-3.583746e-03	1.288943e-01	3.385726e+00	1.456577e+00	2.779417e+04	1.109659e+04	2.999066e+02	-1.473239e-01	8.236644e-02	1.845474e-05	0.000000e+00	0.000000e+00	0.000000e+00	0.000000e+00	
9.970564e-01	-1.079834e-03	1.305330e-01	2.475620e+00	9.119326e-01	2.819577e+04	1.126764e+04	3.007068e+02	1.486988e+00	5.813982e-02	1.849259e-05	0.000000e+00	0.000000e+00	0.000000e+00	0.000000e+00	
6.108891e-04	-3.061951e-02	1.254496e-01	-2.279985e+00	-1.101028e+01	2.721675e+04	1.068515e+04	2.967164e+02	-4.078296e+00	2.595534e-01	1.830338e-05	0.000000e+00	0.000000e+00	0.000000e+00	0.000000e+00	
1.772811e-03	-2.626693e-02	1.260819e-01	-3.359367e+00	-9.906293e+00	2.733418e+04	1.076010e+04	2.972995e+02	-3.362176e+00	2.400213e-01	1.833110e-05	0.000000e+00	0.000000e+00	0.000000e+00	0.000000e+00	
9.127835e-02	-1.505709e-01	1.241097e-01	1.124415e+01	-5.818454e+00	2.695554e+04	1.052392e+04	2.953944e+02	-5.618685e+00	2.960678e-01	1.824042e-05	0.000000e+00	0.000000e+00	0.000000e+00	0.000000e+00	
1.003586e-01	-1.550633e-01	1.242094e-01	1.135121e+01	-5.370893e+00	2.697367e+04	1.053555e+04	2.954833e+02	-5.507611e+00	2.933873e-01	1.824466e-05	0.000000e+00	0.000000e+00	0.000000e+00	0.000000e+00	
9.914854e-01	-4.690028e-03	1.289224e-01	3.389434e+00	1.426046e+00	2.780261e+04	1.110007e+04	2.999353e+02	-1.140694e-01	8.215373e-02	1.845610e-05	0.000000e+00	0.000000e+00	0.000000e+00	0.000000e+00	
9.948726e-01	-1.865468e-03	1.293562e-01	3.222804e+00	1.455714e+00	2.794728e+04	1.115958e+04	3.005321e+02	4.544876e-01	7.866294e-02	1.848433e-05	0.000000e+00	0.000000e+00	0.000000e+00	0.000000e+00	
9.884322e-01	-5.959595e-03	1.289447e-01	3.454538e+00	1.411583e+00	2.781037e+04	1.110255e+04	2.999503e+02	-9.039649e-02	8.335706e-02	1.845681e-05	0.000000e+00	0.000000e+00	0.000000e+00	0.000000e+00	
9.849038e-01	-7.382695e-03	1.289556e-01	3.537899e+00	1.399525e+00	2.781566e+04	1.110381e+04	2.999592e+02	-7.827926e-02	8.497576e-02	1.845723e-05	0.000000e+00	0.000000e+00	0.000000e+00	0.000000e+00	
9.809289e-01	-8.934047e-03	1.289640e-01	3.618119e+00	1.387665e+00	2.782011e+04	1.110476e+04	2.999651e+02	-6.928159e-02	8.654262e-02	1.845751e-05	0.000000e+00	0.000000e+00	0.000000e+00	0.000000e+00	
3.645682e-03	-2.165350e-02	1.267846e-01	-4.167706e+00	-8.555035e+00	2.746490e+04	1.084311e+04	2.979323e+02	-2.569126e+00	2.169153e-01	1.836116e-05	0.000000e+00	0.000000e+00	0.000000e+00	0.000000e+00	
1.098763e-01	-1.593658e-01	1.243093e-01	1.143376e+01	-4.933729e+00	2.699182e+04	1.054723e+04	2.955732e+02	-5.395949e+00	2.906579e-01	1.824894e-05	0.000000e+00	0.000000e+00	0.000000e+00	0.000000e+00	
9.922119e-01	-2.789609e-03	1.296603e-01	3.268898e+00	1.066758e+00	2.801223e+04	1.118665e+04	3.005547e+02	7.131746e-01	7.630597e-02	1.848540e-05	0.000000e+00	0.000000e+00	0.000000e+00	0.000000e+00	
9.764884e-01	-1.061685e-02	1.289717e-01	3.685702e+00	1.379849e+00	2.782400e+04	1.110558e+04	2.999696e+02	-6.138952e-02	8.788629e-02	1.845772e-05	0.000000e+00	0.000000e+00	0.000000e+00	0.000000e+00	
9.716110e-01	-1.242900e-02	1.289783e-01	3.738485e+00	1.382420e+00	2.782728e+04	1.110628e+04	2.999731e+02	-5.475447e-02	8.900601e-02	1.845789e-05	0.000000e+00	0.000000e+00	0.000000e+00	0.000000e+00	
6.317071e-03	-1.693515e-02	1.274361e-01	-4.692824e+00	-7.052996e+00	2.758494e+04	1.092134e+04	2.985479e+02	-1.821635e+00	1.919178e-01	1.839037e-05	0.000000e+00	0.000000e+00	0.000000e+00	0.000000e+00	
1.198146e-01	-1.634541e-01	1.244099e-01	1.149372e+01	-4.501556e+00	2.701002e+04	1.055906e+04	2.956656e+02	-5.282968e+00	2.878361e-01	1.825334e-05	0.000000e+00	0.000000e+00	0.000000e+00	0.000000e+00	
1.301865e-01	-1.673153e-01	1.245168e-01	1.152628e+01	-4.072505e+00	2.702934e+04	1.057170e+04	2.957654e+02	-5.162176e+00	2.847631e-01	1.825810e-05	0.000000e+00	0.000000e+00	0.000000e+00	0.000000e+00	
9.662775e-01	-1.439808e-02	1.289820e-01	3.781392e+00	1.399637e+00	2.782970e+04	1.110667e+04	2.999750e+02	-5.097620e-02	9.003508e-02	1.845798e-05	0.000000e+00	0.000000e+00	0.000000e+00	0.000000e+00	
1.409639e-01	-1.709227e-01	1.246327e-01	1.153205e+01	-3.651381e+00	2.705038e+04	1.058535e+04	2.958719e+02	-5.031776e+00	2.814624e-01	1.826317e-05	0.000000e+00	0.000000e+00	0.000000e+00	0.000000e+00	
1.521370e-01	-1.742604e-01	1.247551e-01	1.150649e+01	-3.238143e+00	2.707250e+04	1.059993e+04	2.959887e+02	-4.892444e+00	2.778103e-01	1.826874e-05	0.000000e+00	0.000000e+00	0.000000e+00	0.000000e+00	
1.637051e-01	-1.773184e-01	1.248888e-01	1.145408e+01	-2.841175e+00	2.709683e+04	1.061571e+04	2.961118e+02	-4.741757e+00	2.739214e-01	1.827460e-05	0.000000e+00	0.000000e+00	0.000000e+00	0.000000e+00	
1.756580e-01	-1.800901e-01	1.250264e-01	1.137431e+01	-2.463015e+00	2.712179e+04	1.063206e+04	2.962414e+02	-4.585543e+00	2.697753e-01	1.828077e-05	0.000000e+00	0.000000e+00	0.000000e+00	0.000000e+00	
9.605069e-01	-1.654334e-02	1.289813e-01	3.822391e+00	1.431897e+00	2.783104e+04	1.110658e+04	2.999741e+02	-5.184834e-02	9.114501e-02	1.845794e-05	0.000000e+00	0.000000e+00	0.000000e+00	0.000000e+00	
1.879741e-01	-1.825705e-01	1.251687e-01	1.127565e+01	-2.109778e+00	2.714773e+04	1.064883e+04	2.963716e+02	-4.425267e+00	2.655530e-01	1.828697e-05	0.000000e+00	0.000000e+00	0.000000e+00	0.000000e+00	
2.006410e-01	-1.847612e-01	1.253078e-01	1.116177e+01	-1.780659e+00	2.717304e+04	1.066531e+04	2.965007e+02	-4.267844e+00	2.613067e-01	1.829311e-05	0.000000e+00	0.000000e+00	0.000000e+00	0.000000e+00	
2.136354e-01	-1.866623e-01	1.254432e-01	1.104056e+01	-1.473001e+00	2.719774e+04	1.068130e+04	2.966245e+02	-4.115078e+00	2.571713e-01	1.829901e-05	0.000000e+00	0.000000e+00	0.000000e+00	0.000000e+00	
2.269565e-01	-1.882688e-01	1.255709e-01	1.090952e+01	-1.178880e+00	2.722084e+04	1.069656e+04	2.967464e+02	-3.969259e+00	2.530439e-01	1.830480e-05	0.000000e+00	0.000000e+00	0.000000e+00	0.000000e+00	
2.405831e-01	-1.895721e-01	1.256993e-01	1.077006e+01	-8.994117e-01	2.724416e+04	1.071182e+04	2.968662e+02	-3.823458e+00	2.489230e-01	1.831050e-05	0.000000e+00	0.000000e+00	0.000000e+00	0.000000e+00	
2.545034e-01	-1.905660e-01	1.258246e-01	1.061972e+01	-6.328502e-01	2.726682e+04	1.072683e+04	2.969861e+02	-3.680066e+00	2.447373e-01	1.831620e-05	0.000000e+00	0.000000e+00	0.000000e+00	0.000000e+00	
2.687049e-01	-1.912457e-01	1.259512e-01	1.046149e+01	-3.814094e-01	2.728981e+04	1.074191e+04	2.971046e+02	-3.536000e+00	2.405338e-01	1.832184e-05	0.000000e+00	0.000000e+00	0.000000e+00	0.000000e+00	
2.831543e-01	-1.916075e-01	1.260751e-01	1.029344e+01	-1.436479e-01	2.731220e+04	1.075676e+04	2.972233e+02	-3.394060e+00	2.362564e-01	1.832748e-05	0.000000e+00	0.000000e+00	0.000000e+00	0.000000e+00	
2.978479e-01	-1.916502e-01	1.262001e-01	1.011772e+01	7.875841e-02	2.733487e+04	1.077171e+04	2.973413e+02	-3.251291e+00	2.319314e-01	1.833309e-05	0.000000e+00	0.000000e+00	0.000000e+00	0.000000e+00	
3.127718e-01	-1.913739e-01	1.263233e-01	9.933327e+00	2.854002e-01	2.735715e+04	1.078651e+04	2.974594e+02	-3.109848e+00	2.275242e-01	1.833870e-05	0.000000e+00	0.000000e+00	0.000000e+00	0.000000e+00	
3.278929e-01	-1.907850e-01	1.264472e-01	9.744159e+00	4.734733e-01	2.737963e+04	1.080132e+04	2.975760e+02	-2.968390e+00	2.231000e-01	1.834424e-05	0.000000e+00	0.000000e+00	0.000000e+00	0.000000e+00	
3.431989e-01	-1.898932e-01	1.265674e-01	9.551771e+00	6.435456e-01	2.740141e+04	1.081574e+04	2.976902e+02	-2.830616e+00	2.186827e-01	1.834966e-05	0.000000e+00	0.000000e+00	0.000000e+00	0.000000e+00	
3.586875e-01	-1.887087e-01	1.266851e-01	9.358950e+00	7.956881e-01	2.742275e+04	1.082982e+04	2.978011e+02	-2.696047e+00	2.143155e-01	1.835493e-05	0.000000e+00	0.000000e+00	0.000000e+00	0.000000e+00	
3.743255e-01	-1.872455e-01	1.267976e-01	9.168143e+00	9.309990e-01	2.744316e+04	1.084332e+04	2.979075e+02	-2.567128e+00	2.100431e-01	1.835998e-05	0.000000e+00	0.000000e+00	0.000000e+00	0.000000e+00	
3.900895e-01	-1.855193e-01	1.269051e-01	8.981474e+00	1.050232e+00	2.746266e+04	1.085620e+04	2.980088e+02	-2.444060e+00	2.058990e-01	1.836479e-05	0.000000e+00	0.000000e+00	0.000000e+00	0.000000e+00	
9.542990e-01	-1.888849e-02	1.289753e-01	3.869250e+00	1.475727e+00	2.783116e+04	1.110587e+04	2.999692e+02	-5.860923e-02	9.247496e-02	1.845770e-05	0.000000e+00	0.000000e+00	0.000000e+00	0.000000e+00	
9.476630e-01	-2.144429e-02	1.289635e-01	3.927400e+00	1.525322e+00	2.783009e+04	1.110451e+04	2.999595e+02	-7.167087e-02	9.409473e-02	1.845725e-05	0.000000e+00	0.000000e+00	0.000000e+00	0.000000e+00	
4.059766e-01	-1.835445e-01	1.270061e-01	8.802089e+00	1.156399e+00	2.748101e+04	1.086829e+04	2.981037e+02	-2.328474e+00	2.019505e-01	1.836929e-05	0.000000e+00	0.000000e+00	0.000000e+00	0.000000e+00	
4.219629e-01	-1.813320e-01	1.270994e-01	8.629216e+00	1.254989e+00	2.749794e+04	1.087952e+04	2.981925e+02	-2.221189e+00	1.981872e-01	1.837351e-05	0.000000e+00	0.000000e+00	0.000000e+00	0.000000e+00	
9.406073e-01	-2.420793e-02	1.289472e-01	3.998542e+00	1.574147e+00	2.782806e+04	1.110258e+04	2.999455e+02	-9.003620e-02	9.598595e-02	1.845658e-05	0.000000e+00	0.000000e+00	0.000000e+00	0.000000e+00	
4.380248e-01	-1.788838e-01	1.271874e-01	8.460779e+00	1.349050e+00	2.751388e+04	1.089012e+04	2.982765e+02	-2.119914e+00	1.945627e-01	1.837750e-05	0.000000e+00	0.000000e+00	0.000000e+00	0.000000e+00	
4.541381e-01	-1.762021e-01	1.272723e-01	8.293988e+00	1.438542e+00	2.752925e+04	1.090035e+04	2.983575e+02	-2.022221e+00	1.910066e-01	1.838134e-05	0.000000e+00	0.000000e+00	0.000000e+00	0.000000e+00	
9.331391e-01	-2.716397e-02	1.289278e-01	4.080662e+00	1.617364e+00	2.782538e+04	1.110026e+04	2.999280e+02	-1.122093e-01	9.806423e-02	1.845575e-05	0.000000e+00	0.000000e+00	0.000000e+00	0.000000e+00	
9.252459e-01	-3.029860e-02	1.289065e-01	4.169686e+00	1.652780e+00	2.782227e+04	1.109770e+04	2.999083e+02	-1.367356e-01	1.002246e-01	1.845482e-05	0.000000e+00	0.000000e+00	0.000000e+00	0.000000e+00	
4.702995e-01	-1.732862e-01	1.273549e-01	8.127380e+00	1.523364e+00	2.754423e+04	1.091031e+04	2.984365e+02	-1.927006e+00	1.874813e-01	1.838509e-05	0.000000e+00	0.000000e+00	0.000000e+00	0.000000e+00	
4.864747e-01	-1.701411e-01	1.274358e-01	7.959418e+00	1.603637e+00	2.755889e+04	1.092009e+04	2.985143e+02	-1.833592e+00	1.839496e-01	1.838878e-05	0.000000e+00	0.000000e+00	0.000000e+00	0.000000e+00	
5.026498e-01	-1.667690e-01	1.275160e-01	7.788948e+00	1.678057e+00	2.757340e+04	1.092979e+04	2.985916e+02	-1.740931e+00	1.803759e-01	1.839244e-05	0.000000e+00	0.000000e+00	0.000000e+00	0.000000e+00	
5.188115e-01	-1.631766e-01	1.275965e-01	7.616530e+00	1.742873e+00	2.758801e+04	1.093951e+04	2.986685e+02	-1.648033e+00	1.767491e-01	1.839609e-05	0.000000e+00	0.000000e+00	0.000000e+00	0.000000e+00	
9.169520e-01	-3.358239e-02	1.288842e-01	4.261509e+00	1.680077e+00	2.781892e+04	1.109501e+04	2.998874e+02	-1.624403e-01	1.023782e-01	1.845383e-05	0.000000e+00	0.000000e+00	0.000000e+00	0.000000e+00	
9.082432e-01	-3.700385e-02	1.288615e-01	4.353135e+00	1.700241e+00	2.781542e+04	1.109227e+04	2.998662e+02	-1.885896e-01	1.044712e-01	1.845283e-05	0.000000e+00	0.000000e+00	0.000000e+00	0.000000e+00	
8.991326e-01	-4.054391e-02	1.288399e-01	4.441947e+00	1.714591e+00	2.781205e+04	1.108963e+04	2.998451e+02	-2.138235e-01	1.064596e-01	1.845183e-05	0.000000e+00	0.000000e+00	0.000000e+00	0.000000e+00	
8.896241e-01	-4.419229e-02	1.288189e-01	4.526065e+00	1.726392e+00	2.780875e+04	1.108707e+04	2.998246e+02	-2.382877e-01	1.083314e-01	1.845086e-05	0.000000e+00	0.000000e+00	0.000000e+00	0.000000e+00	
5.349280e-01	-1.593865e-01	1.276767e-01	7.445094e+00	1.796092e+00	2.760259e+04	1.094916e+04	2.987441e+02	-1.555910e+00	1.731186e-01	1.839968e-05	0.000000e+00	0.000000e+00	0.000000e+00	0.000000e+00	
5.509981e-01	-1.554164e-01	1.277541e-01	7.277079e+00	1.838414e+00	2.761669e+04	1.095848e+04	2.988173e+02	-1.466807e+00	1.695372e-01	1.840315e-05	0.000000e+00	0.000000e+00	0.000000e+00	0.000000e+00	
8.797148e-01	-4.795157e-02	1.287975e-01	4.605821e+00	1.738798e+00	2.780527e+04	1.108447e+04	2.998044e+02	-2.630604e-01	1.101195e-01	1.844990e-05	0.000000e+00	0.000000e+00	0.000000e+00	0.000000e+00	
8.694220e-01	-5.181908e-02	1.287755e-01	4.683442e+00	1.752596e+00	2.780163e+04	1.108182e+04	2.997837e+02	-2.884473e-01	1.118763e-01	1.844893e-05	0.000000e+00	0.000000e+00	0.000000e+00	0.000000e+00	
8.587630e-01	-5.579157e-02	1.287525e-01	4.760706e+00	1.767996e+00	2.779775e+04	1.107904e+04	2.997621e+02	-3.149769e-01	1.136407e-01	1.844791e-05	0.000000e+00	0.000000e+00	0.000000e+00	0.000000e+00	
5.669903e-01	-1.512916e-01	1.278284e-01	7.113656e+00	1.871027e+00	2.763021e+04	1.096743e+04	2.988877e+02	-1.381295e+00	1.660305e-01	1.840648e-05	0.000000e+00	0.000000e+00	0.000000e+00	0.000000e+00	
5.829036e-01	-1.470300e-01	1.278991e-01	6.956357e+00	1.895067e+00	2.764311e+04	1.097596e+04	2.989546e+02	-1.299856e+00	1.626329e-01	1.840965e-05	0.000000e+00	0.000000e+00	0.000000e+00	0.000000e+00	
5.987068e-01	-1.426577e-01	1.279661e-01	6.806555e+00	1.911671e+00	2.765534e+04	1.098402e+04	2.990176e+02	-1.222847e+00	1.593757e-01	1.841264e-05	0.000000e+00	0.000000e+00	0.000000e+00	0.000000e+00	
6.143888e-01	-1.381935e-01	1.280285e-01	6.664124e+00	1.923577e+00	2.766675e+04	1.099154e+04	2.990765e+02	-1.150945e+00	1.562695e-01	1.841543e-05	0.000000e+00	0.000000e+00	0.000000e+00	0.000000e+00	
6.299284e-01	-1.336521e-01	1.280866e-01	6.527892e+00	1.932958e+00	2.767736e+04	1.099857e+04	2.991319e+02	-1.083801e+00	1.532991e-01	1.841806e-05	0.000000e+00	0.000000e+00	0.000000e+00	0.000000e+00	
6.453142e-01	-1.290426e-01	1.281418e-01	6.396095e+00	1.940218e+00	2.768742e+04	1.100524e+04	2.991846e+02	-1.020076e+00	1.504252e-01	1.842055e-05	0.000000e+00	0.000000e+00	0.000000e+00	0.000000e+00	
6.605349e-01	-1.243742e-01	1.281944e-01	6.268535e+00	1.945374e+00	2.769704e+04	1.101161e+04	2.992346e+02	-9.592489e-01	1.476417e-01	1.842293e-05	0.000000e+00	0.000000e+00	0.000000e+00	0.000000e+00	
6.755695e-01	-1.196594e-01	1.282448e-01	6.144214e+00	1.948380e+00	2.770624e+04	1.101770e+04	2.992826e+02	-9.010013e-01	1.449250e-01	1.842520e-05	0.000000e+00	0.000000e+00	0.000000e+00	0.000000e+00	
8.477169e-01	-5.987874e-02	1.287282e-01	4.838716e+00	1.784572e+00	2.779357e+04	1.107611e+04	2.997394e+02	-3.430109e-01	1.154328e-01	1.844683e-05	0.000000e+00	0.000000e+00	0.000000e+00	0.000000e+00	
6.903975e-01	-1.149108e-01	1.282932e-01	6.023117e+00	1.949390e+00	2.771507e+04	1.102355e+04	2.993286e+02	-8.451474e-01	1.422744e-01	1.842738e-05	0.000000e+00	0.000000e+00	0.000000e+00	0.000000e+00	
7.050083e-01	-1.101377e-01	1.283398e-01	5.904345e+00	1.947795e+00	2.772358e+04	1.102919e+04	2.993730e+02	-7.912096e-01	1.396649e-01	1.842948e-05	0.000000e+00	0.000000e+00	0.000000e+00	0.000000e+00	
8.363209e-01	-6.406727e-02	1.287024e-01	4.918760e+00	1.802265e+00	2.778910e+04	1.107299e+04	2.997152e+02	-3.727335e-01	1.172791e-01	1.844568e-05	0.000000e+00	0.000000e+00	0.000000e+00	0.000000e+00	
8.245836e-01	-6.835339e-02	1.286753e-01	5.000705e+00	1.820642e+00	2.778433e+04	1.106971e+04	2.996895e+02	-4.041060e-01	1.191737e-01	1.844447e-05	0.000000e+00	0.000000e+00	0.000000e+00	0.000000e+00	
8.124942e-01	-7.273954e-02	1.286462e-01	5.085292e+00	1.839626e+00	2.777916e+04	1.106620e+04	2.996622e+02	-4.376422e-01	1.211322e-01	1.844317e-05	0.000000e+00	0.000000e+00	0.000000e+00	0.000000e+00	
8.000812e-01	-7.721340e-02	1.286152e-01	5.173187e+00	1.858990e+00	2.777361e+04	1.106245e+04	2.996330e+02	-4.734475e-01	1.231672e-01	1.844179e-05	0.000000e+00	0.000000e+00	0.000000e+00	0.000000e+00	
7.193922e-01	-1.053514e-01	1.283848e-01	5.788428e+00	1.943369e+00	2.773178e+04	1.103463e+04	2.994158e+02	-7.392340e-01	1.371050e-01	1.843151e-05	0.000000e+00	0.000000e+00	0.000000e+00	0.000000e+00	
7.335207e-01	-1.005720e-01	1.284284e-01	5.676209e+00	1.935212e+00	2.773976e+04	1.103990e+04	2.994569e+02	-6.889598e-01	1.346044e-01	1.843345e-05	0.000000e+00	0.000000e+00	0.000000e+00	0.000000e+00	
7.473954e-01	-9.580938e-02	1.284695e-01	5.567279e+00	1.924406e+00	2.774725e+04	1.104488e+04	2.994962e+02	-6.413236e-01	1.321622e-01	1.843531e-05	0.000000e+00	0.000000e+00	0.000000e+00	0.000000e+00	
7.610077e-01	-9.107643e-02	1.285093e-01	5.462735e+00	1.910940e+00	2.775448e+04	1.104967e+04	2.995333e+02	-5.956100e-01	1.297993e-01	1.843707e-05	0.000000e+00	0.000000e+00	0.000000e+00	0.000000e+00	
7.873537e-01	-8.176873e-02	1.285818e-01	5.265124e+00	1.877892e+00	2.776760e+04	1.105843e+04	2.996018e+02	-5.118482e-01	1.252883e-01	1.844031e-05	0.000000e+00	0.000000e+00	0.000000e+00	0.000000e+00	
7.743298e-01	-8.639229e-02	1.285464e-01	5.361829e+00	1.895288e+00	2.776120e+04	1.105416e+04	2.995685e+02	-5.526510e-01	1.275035e-01	1.843874e-05	0.000000e+00	0.000000e+00	0.000000e+00	0.000000e+00	
9.890844e-01	-3.816479e-03	1.295967e-01	3.358625e+00	1.069032e+00	2.799919e+04	1.118050e+04	3.005370e+02	6.544357e-01	7.825732e-02	1.848456e-05	0.000000e+00	0.000000e+00	0.000000e+00	0.000000e+00	
9.835138e-03	-1.236039e-02	1.280720e-01	-4.938747e+00	-5.437334e+00	2.770294e+04	1.099692e+04	2.991212e+02	-1.099598e+00	1.654218e-01	1.841755e-05	0.000000e+00	0.000000e+00	0.000000e+00	0.000000e+00	
9.854708e-01	-4.916215e-03	1.296006e-01	3.386610e+00	9.806450e-01	2.799981e+04	1.118074e+04	3.005343e+02	6.566936e-01	7.827925e-02	1.848443e-05	0.000000e+00	0.000000e+00	0.000000e+00	0.000000e+00	
1.424138e-02	-8.219495e-03	1.287027e-01	-4.795892e+00	-3.784600e+00	2.782131e+04	1.107052e+04	2.996477e+02	-3.963553e-01	1.367889e-01	1.844249e-05	0.000000e+00	0.000000e+00	0.000000e+00	0.000000e+00	
9.814000e-01	-6.052614e-03	1.295742e-01	3.449287e+00	9.253163e-01	2.799416e+04	1.117798e+04	3.005213e+02	6.302979e-01	7.930760e-02	1.848382e-05	0.000000e+00	0.000000e+00	0.000000e+00	0.000000e+00	
1.948044e-02	-4.750339e-03	1.292093e-01	-4.192612e+00	-2.372955e+00	2.791579e+04	1.113039e+04	3.000868e+02	1.756645e-01	1.073646e-01	1.846327e-05	0.000000e+00	0.000000e+00	0.000000e+00	0.000000e+00	
9.768522e-01	-7.226114e-03	1.295558e-01	3.525688e+00	8.874654e-01	2.799044e+04	1.117577e+04	3.005045e+02	6.092139e-01	8.075193e-02	1.848303e-05	0.000000e+00	0.000000e+00	0.000000e+00	0.000000e+00	
2.546083e-02	-1.875595e-03	1.295069e-01	-3.328611e+00	-1.408176e+00	2.796953e+04	1.116764e+04	3.003991e+02	5.315063e-01	8.032002e-02	1.847804e-05	0.000000e+00	0.000000e+00	0.000000e+00	0.000000e+00	
3.203755e-02	5.292290e-04	1.296964e-01	-2.469380e+00	-7.912920e-01	2.800405e+04	1.119125e+04	3.005945e+02	7.571240e-01	5.752357e-02	1.848728e-05	0.000000e+00	0.000000e+00	0.000000e+00	0.000000e+00	
9.718555e-01	-8.453957e-03	1.295320e-01	3.605126e+00	8.845883e-01	2.798569e+04	1.117300e+04	3.004853e+02	5.827527e-01	8.246661e-02	1.848211e-05	0.000000e+00	0.000000e+00	0.000000e+00	0.000000e+00	
3.916171e-02	2.468361e-03	1.298151e-01	-1.694108e+00	-3.953172e-01	2.802614e+04	1.120579e+04	3.007099e+02	8.960400e-01	3.854840e-02	1.849273e-05	0.000000e+00	0.000000e+00	0.000000e+00	0.000000e+00	
9.663888e-01	-9.791914e-03	1.295136e-01	3.668541e+00	9.163923e-01	2.798207e+04	1.117075e+04	3.004673e+02	5.612265e-01	8.401839e-02	1.848127e-05	0.000000e+00	0.000000e+00	0.000000e+00	0.000000e+00	
9.604691e-01	-1.129662e-02	1.295033e-01	3.701509e+00	9.719733e-01	2.798001e+04	1.116938e+04	3.004545e+02	5.481943e-01	8.504307e-02	1.848066e-05	0.000000e+00	0.000000e+00	0.000000e+00	0.000000e+00	
4.680418e-02	3.934173e-03	1.298757e-01	-1.010921e+00	-1.609024e-01	2.803752e+04	1.121339e+04	3.007734e+02	9.686586e-01	2.267008e-02	1.849574e-05	0.000000e+00	0.000000e+00	0.000000e+00	0.000000e+00	
5.490741e-02	4.939007e-03	1.299023e-01	-4.240170e-01	-4.100467e-02	2.804272e+04	1.121681e+04	3.008035e+02	1.001281e+00	9.431864e-03	1.849716e-05	0.000000e+00	0.000000e+00	0.000000e+00	0.000000e+00	
9.540933e-01	-1.301874e-02	1.295034e-01	3.697600e+00	1.031410e+00	2.797991e+04	1.116921e+04	3.004494e+02	5.464923e-01	8.530504e-02	1.848042e-05	0.000000e+00	0.000000e+00	0.000000e+00	0.000000e+00	
6.343257e-02	5.503799e-03	1.299083e-01	7.112938e-02	2.798573e-03	2.804419e+04	1.121767e+04	3.008126e+02	1.009506e+00	1.575982e-03	1.849759e-05	0.000000e+00	0.000000e+00	0.000000e+00	0.000000e+00	
9.472667e-01	-1.497820e-02	1.295116e-01	3.660653e+00	1.076366e+00	2.798127e+04	1.117002e+04	3.004524e+02	5.543018e-01	8.478510e-02	1.848056e-05	0.000000e+00	0.000000e+00	0.000000e+00	0.000000e+00	
9.399951e-01	-1.716403e-02	1.295249e-01	3.601933e+00	1.097371e+00	2.798351e+04	1.117151e+04	3.004617e+02	5.684999e-01	8.365911e-02	1.848100e-05	0.000000e+00	0.000000e+00	0.000000e+00	0.000000e+00	
7.237286e-02	5.658508e-03	1.299018e-01	4.841946e-01	-1.035222e-03	2.804338e+04	1.121699e+04	3.008094e+02	1.003035e+00	1.072040e-02	1.849744e-05	0.000000e+00	0.000000e+00	0.000000e+00	0.000000e+00	
9.322861e-01	-1.954340e-02	1.295404e-01	3.533404e+00	1.093775e+00	2.798612e+04	1.117332e+04	3.004745e+02	5.858365e-01	8.216857e-02	1.848161e-05	0.000000e+00	0.000000e+00	0.000000e+00	0.000000e+00	
9.241278e-01	-2.207731e-02	1.295551e-01	3.465511e+00	1.070479e+00	2.798856e+04	1.117511e+04	3.004883e+02	6.029266e-01	8.056372e-02	1.848226e-05	0.000000e+00	0.000000e+00	0.000000e+00	0.000000e+00	
8.169832e-02	5.451934e-03	1.298897e-01	8.275746e-01	-3.158715e-02	2.804156e+04	1.121557e+04	3.007993e+02	9.894216e-01	1.833839e-02	1.849696e-05	0.000000e+00	0.000000e+00	0.000000e+00	0.000000e+00	
9.140383e-02	4.914743e-03	1.298741e-01	1.113715e+00	-7.696455e-02	2.803906e+04	1.121370e+04	3.007856e+02	9.716383e-01	2.472345e-02	1.849631e-05	0.000000e+00	0.000000e+00	0.000000e+00	0.000000e+00	
1.014763e-01	4.067977e-03	1.298574e-01	1.352820e+00	-1.295267e-01	2.803638e+04	1.121171e+04	3.007706e+02	9.525619e-01	3.010150e-02	1.849560e-05	0.000000e+00	0.000000e+00	0.000000e+00	0.000000e+00	
9.155475e-01	-2.471577e-02	1.295685e-01	3.403751e+00	1.035538e+00	2.799073e+04	1.117675e+04	3.005014e+02	6.185889e-01	7.901482e-02	1.848288e-05	0.000000e+00	0.000000e+00	0.000000e+00	0.000000e+00	
9.065337e-01	-2.743113e-02	1.295799e-01	3.350086e+00	9.960133e-01	2.799255e+04	1.117817e+04	3.005130e+02	6.320980e-01	7.761232e-02	1.848342e-05	0.000000e+00	0.000000e+00	0.000000e+00	0.000000e+00	
1.118924e-01	2.935833e-03	1.298409e-01	1.553817e+00	-1.856477e-01	2.803372e+04	1.120971e+04	3.007553e+02	9.335106e-01	3.466656e-02	1.849488e-05	0.000000e+00	0.000000e+00	0.000000e+00	0.000000e+00	
1.226615e-01	1.522141e-03	1.298247e-01	1.723150e+00	-2.433640e-01	2.803107e+04	1.120776e+04	3.007404e+02	9.148519e-01	3.855756e-02	1.849418e-05	0.000000e+00	0.000000e+00	0.000000e+00	0.000000e+00	
8.971042e-01	-3.019960e-02	1.295905e-01	3.302844e+00	9.565213e-01	2.799425e+04	1.117945e+04	3.005231e+02	6.443771e-01	7.635125e-02	1.848390e-05	0.000000e+00	0.000000e+00	0.000000e+00	0.000000e+00	
8.872672e-01	-3.300968e-02	1.295999e-01	3.260056e+00	9.184179e-01	2.799576e+04	1.118060e+04	3.005321e+02	6.553676e-01	7.519869e-02	1.848433e-05	0.000000e+00	0.000000e+00	0.000000e+00	0.000000e+00	
8.770203e-01	-3.585598e-02	1.296093e-01	3.219483e+00	8.818887e-01	2.799730e+04	1.118173e+04	3.005405e+02	6.661135e-01	7.410722e-02	1.848472e-05	0.000000e+00	0.000000e+00	0.000000e+00	0.000000e+00	
8.663811e-01	-3.872809e-02	1.296182e-01	3.179810e+00	8.459075e-01	2.799875e+04	1.118280e+04	3.005485e+02	6.763254e-01	7.304269e-02	1.848511e-05	0.000000e+00	0.000000e+00	0.000000e+00	0.000000e+00	
8.553673e-01	-4.161394e-02	1.296274e-01	3.140337e+00	8.099673e-01	2.800027e+04	1.118388e+04	3.005565e+02	6.866930e-01	7.198683e-02	1.848548e-05	0.000000e+00	0.000000e+00	0.000000e+00	0.000000e+00	
1.337522e-01	-1.632867e-04	1.298096e-01	1.864438e+00	-2.999721e-01	2.802860e+04	1.120594e+04	3.007266e+02	8.974951e-01	4.184618e-02	1.849353e-05	0.000000e+00	0.000000e+00	0.000000e+00	0.000000e+00	
8.439567e-01	-4.450867e-02	1.296363e-01	3.100791e+00	7.730552e-01	2.800175e+04	1.118494e+04	3.005644e+02	6.968594e-01	7.092874e-02	1.848586e-05	0.000000e+00	0.000000e+00	0.000000e+00	0.000000e+00	
8.321871e-01	-4.738897e-02	1.296451e-01	3.061680e+00	7.347103e-01	2.800322e+04	1.118599e+04	3.005722e+02	7.068749e-01	6.987763e-02	1.848623e-05	0.000000e+00	0.000000e+00	0.000000e+00	0.000000e+00	
8.200664e-01	-5.023733e-02	1.296536e-01	3.022824e+00	6.948537e-01	2.800464e+04	1.118702e+04	3.005800e+02	7.166636e-01	6.883044e-02	1.848659e-05	0.000000e+00	0.000000e+00	0.000000e+00	0.000000e+00	
8.075828e-01	-5.303932e-02	1.296616e-01	2.985485e+00	6.534365e-01	2.800597e+04	1.118798e+04	3.005873e+02	7.258759e-01	6.781570e-02	1.848694e-05	0.000000e+00	0.000000e+00	0.000000e+00	0.000000e+00	
7.947643e-01	-5.577062e-02	1.296695e-01	2.949042e+00	6.109659e-01	2.800729e+04	1.118893e+04	3.005945e+02	7.349086e-01	6.682355e-02	1.848728e-05	0.000000e+00	0.000000e+00	0.000000e+00	0.000000e+00	
7.816200e-01	-5.841233e-02	1.296766e-01	2.914485e+00	5.675875e-01	2.800847e+04	1.118979e+04	3.006012e+02	7.431530e-01	6.587784e-02	1.848760e-05	0.000000e+00	0.000000e+00	0.000000e+00	0.000000e+00	
7.681698e-01	-6.094484e-02	1.296835e-01	2.881009e+00	5.238711e-01	2.800964e+04	1.119063e+04	3.006076e+02	7.511781e-01	6.496428e-02	1.848790e-05	0.000000e+00	0.000000e+00	0.000000e+00	0.000000e+00	
7.544140e-01	-6.335284e-02	1.296898e-01	2.849672e+00	4.795844e-01	2.801068e+04	1.119140e+04	3.006136e+02	7.584869e-01	6.410628e-02	1.848818e-05	0.000000e+00	0.000000e+00	0.000000e+00	0.000000e+00	
7.403628e-01	-6.561923e-02	1.296959e-01	2.819248e+00	4.350980e-01	2.801170e+04	1.119213e+04	3.006193e+02	7.655351e-01	6.327921e-02	1.848845e-05	0.000000e+00	0.000000e+00	0.000000e+00	0.000000e+00	
7.260477e-01	-6.772423e-02	1.297015e-01	2.791124e+00	3.902755e-01	2.801264e+04	1.119281e+04	3.006244e+02	7.719938e-01	6.251406e-02	1.848869e-05	0.000000e+00	0.000000e+00	0.000000e+00	0.000000e+00	
7.114798e-01	-6.965201e-02	1.297068e-01	2.763740e+00	3.451725e-01	2.801352e+04	1.119345e+04	3.006294e+02	7.780771e-01	6.177758e-02	1.848893e-05	0.000000e+00	0.000000e+00	0.000000e+00	0.000000e+00	
6.966605e-01	-7.138814e-02	1.297116e-01	2.738747e+00	2.998815e-01	2.801432e+04	1.119402e+04	3.006338e+02	7.836091e-01	6.110732e-02	1.848914e-05	0.000000e+00	0.000000e+00	0.000000e+00	0.000000e+00	
6.816224e-01	-7.291541e-02	1.297160e-01	2.714442e+00	2.544813e-01	2.801505e+04	1.119456e+04	3.006380e+02	7.887302e-01	6.046674e-02	1.848933e-05	0.000000e+00	0.000000e+00	0.000000e+00	0.000000e+00	
6.663788e-01	-7.422101e-02	1.297200e-01	2.692466e+00	2.091424e-01	2.801572e+04	1.119505e+04	3.006417e+02	7.933637e-01	5.989300e-02	1.848951e-05	0.000000e+00	0.000000e+00	0.000000e+00	0.000000e+00	
6.509437e-01	-7.529268e-02	1.297237e-01	2.671111e+00	1.637680e-01	2.801633e+04	1.119549e+04	3.006452e+02	7.976002e-01	5.934874e-02	1.848967e-05	0.000000e+00	0.000000e+00	0.000000e+00	0.000000e+00	
1.451536e-01	-2.107558e-03	1.297962e-01	1.981535e+00	-3.531148e-01	2.802641e+04	1.120432e+04	3.007143e+02	8.819876e-01	4.460696e-02	1.849294e-05	0.000000e+00	0.000000e+00	0.000000e+00	0.000000e+00	
1.568651e-01	-4.294653e-03	1.297844e-01	2.078078e+00	-4.015205e-01	2.802451e+04	1.120290e+04	3.007034e+02	8.684107e-01	4.691161e-02	1.849243e-05	0.000000e+00	0.000000e+00	0.000000e+00	0.000000e+00	
1.688785e-01	-6.705912e-03	1.297741e-01	2.157732e+00	-4.447390e-01	2.802287e+04	1.120167e+04	3.006941e+02	8.566220e-01	4.883517e-02	1.849199e-05	0.000000e+00	0.000000e+00	0.000000e+00	0.000000e+00	
1.811783e-01	-9.319120e-03	1.297654e-01	2.223581e+00	-4.819316e-01	2.802148e+04	1.120061e+04	3.006861e+02	8.465442e-01	5.043788e-02	1.849161e-05	0.000000e+00	0.000000e+00	0.000000e+00	0.000000e+00	
1.937601e-01	-1.210943e-02	1.297582e-01	2.278553e+00	-5.123246e-01	2.802037e+04	1.119974e+04	3.006793e+02	8.382147e-01	5.177657e-02	1.849129e-05	0.000000e+00	0.000000e+00	0.000000e+00	0.000000e+00	
2.066101e-01	-1.504553e-02	1.297523e-01	2.325339e+00	-5.363004e-01	2.801950e+04	1.119902e+04	3.006735e+02	8.313433e-01	5.290886e-02	1.849101e-05	0.000000e+00	0.000000e+00	0.000000e+00	0.000000e+00	
2.197337e-01	-1.810724e-02	1.297472e-01	2.364899e+00	-5.554521e-01	2.801872e+04	1.119839e+04	3.006686e+02	8.253295e-01	5.386196e-02	1.849078e-05	0.000000e+00	0.000000e+00	0.000000e+00	0.000000e+00	
2.331147e-01	-2.127770e-02	1.297428e-01	2.397859e+00	-5.705289e-01	2.801807e+04	1.119786e+04	3.006646e+02	8.202942e-01	5.465227e-02	1.849059e-05	0.000000e+00	0.000000e+00	0.000000e+00	0.000000e+00	
6.353414e-01	-7.611822e-02	1.297270e-01	2.651974e+00	1.184124e-01	2.801688e+04	1.119589e+04	3.006482e+02	8.014013e-01	5.886991e-02	1.848982e-05	0.000000e+00	0.000000e+00	0.000000e+00	0.000000e+00	
6.195965e-01	-7.668662e-02	1.297298e-01	2.633665e+00	7.285205e-02	2.801734e+04	1.119623e+04	3.006509e+02	8.047193e-01	5.842608e-02	1.848995e-05	0.000000e+00	0.000000e+00	0.000000e+00	0.000000e+00	
6.037240e-01	-7.698826e-02	1.297323e-01	2.617694e+00	2.746373e-02	2.801775e+04	1.119654e+04	3.006532e+02	8.075985e-01	5.805143e-02	1.849005e-05	0.000000e+00	0.000000e+00	0.000000e+00	0.000000e+00	
5.877386e-01	-7.701483e-02	1.297339e-01	2.603501e+00	-1.782606e-02	2.801799e+04	1.119674e+04	3.006551e+02	8.095953e-01	5.773395e-02	1.849014e-05	0.000000e+00	0.000000e+00	0.000000e+00	0.000000e+00	
5.716652e-01	-7.676510e-02	1.297356e-01	2.591493e+00	-6.168454e-02	2.801826e+04	1.119694e+04	3.006565e+02	8.115084e-01	5.748171e-02	1.849021e-05	0.000000e+00	0.000000e+00	0.000000e+00	0.000000e+00	
5.555183e-01	-7.624201e-02	1.297366e-01	2.580962e+00	-1.046320e-01	2.801838e+04	1.119707e+04	3.006576e+02	8.126824e-01	5.727839e-02	1.849026e-05	0.000000e+00	0.000000e+00	0.000000e+00	0.000000e+00	
5.393333e-01	-7.545065e-02	1.297376e-01	2.571483e+00	-1.461252e-01	2.801854e+04	1.119719e+04	3.006585e+02	8.138580e-01	5.711262e-02	1.849030e-05	0.000000e+00	0.000000e+00	0.000000e+00	0.000000e+00	
5.231143e-01	-7.439606e-02	1.297382e-01	2.562603e+00	-1.865053e-01	2.801860e+04	1.119726e+04	3.006592e+02	8.145311e-01	5.697374e-02	1.849034e-05	0.000000e+00	0.000000e+00	0.000000e+00	0.000000e+00	
5.068965e-01	-7.308617e-02	1.297385e-01	2.554495e+00	-2.256252e-01	2.801862e+04	1.119731e+04	3.006597e+02	8.150152e-01	5.686397e-02	1.849036e-05	0.000000e+00	0.000000e+00	0.000000e+00	0.000000e+00	
4.906842e-01	-7.152778e-02	1.297387e-01	2.546999e+00	-2.635253e-01	2.801862e+04	1.119734e+04	3.006600e+02	8.153087e-01	5.677859e-02	1.849038e-05	0.000000e+00	0.000000e+00	0.000000e+00	0.000000e+00	
4.745112e-01	-6.973142e-02	1.297386e-01	2.540369e+00	-3.003146e-01	2.801856e+04	1.119734e+04	3.006601e+02	8.152470e-01	5.672240e-02	1.849038e-05	0.000000e+00	0.000000e+00	0.000000e+00	0.000000e+00	
4.583898e-01	-6.770681e-02	1.297387e-01	2.534495e+00	-3.357856e-01	2.801853e+04	1.119734e+04	3.006600e+02	8.152534e-01	5.669096e-02	1.849038e-05	0.000000e+00	0.000000e+00	0.000000e+00	0.000000e+00	
4.423322e-01	-6.546420e-02	1.297383e-01	2.529100e+00	-3.701806e-01	2.801842e+04	1.119730e+04	3.006598e+02	8.148704e-01	5.667796e-02	1.849037e-05	0.000000e+00	0.000000e+00	0.000000e+00	0.000000e+00	
4.263707e-01	-6.301759e-02	1.297382e-01	2.524197e+00	-4.031719e-01	2.801836e+04	1.119727e+04	3.006594e+02	8.146387e-01	5.668125e-02	1.849035e-05	0.000000e+00	0.000000e+00	0.000000e+00	0.000000e+00	
4.105069e-01	-6.037719e-02	1.297376e-01	2.519569e+00	-4.350573e-01	2.801820e+04	1.119720e+04	3.006590e+02	8.139844e-01	5.669624e-02	1.849033e-05	0.000000e+00	0.000000e+00	0.000000e+00	0.000000e+00	
3.947625e-01	-5.755687e-02	1.297369e-01	2.515751e+00	-4.652999e-01	2.801802e+04	1.119712e+04	3.006583e+02	8.131681e-01	5.673131e-02	1.849030e-05	0.000000e+00	0.000000e+00	0.000000e+00	0.000000e+00	
2.467472e-01	-2.454099e-02	1.297394e-01	2.424717e+00	-5.813530e-01	2.801759e+04	1.119745e+04	3.006614e+02	8.163631e-01	5.528898e-02	1.849044e-05	0.000000e+00	0.000000e+00	0.000000e+00	0.000000e+00	
2.606258e-01	-2.787949e-02	1.297369e-01	2.446388e+00	-5.878349e-01	2.801727e+04	1.119715e+04	3.006590e+02	8.134580e-01	5.579110e-02	1.849033e-05	0.000000e+00	0.000000e+00	0.000000e+00	0.000000e+00	
3.791571e-01	-5.457556e-02	1.297359e-01	2.512559e+00	-4.930816e-01	2.801778e+04	1.119700e+04	3.006576e+02	8.120834e-01	5.677761e-02	1.849026e-05	0.000000e+00	0.000000e+00	0.000000e+00	0.000000e+00	
2.747255e-01	-3.126906e-02	1.297351e-01	2.463582e+00	-5.899518e-01	2.801706e+04	1.119693e+04	3.006573e+02	8.113939e-01	5.617371e-02	1.849025e-05	0.000000e+00	0.000000e+00	0.000000e+00	0.000000e+00	
3.637073e-01	-5.145924e-02	1.297351e-01	2.509854e+00	-5.176551e-01	2.801758e+04	1.119691e+04	3.006568e+02	8.111501e-01	5.682674e-02	1.849022e-05	0.000000e+00	0.000000e+00	0.000000e+00	0.000000e+00	
2.890514e-01	-3.469117e-02	1.297341e-01	2.477118e+00	-5.876972e-01	2.801698e+04	1.119680e+04	3.006562e+02	8.101428e-01	5.645466e-02	1.849020e-05	0.000000e+00	0.000000e+00	0.000000e+00	0.000000e+00	
3.484093e-01	-4.823006e-02	1.297343e-01	2.506507e+00	-5.388907e-01	2.801737e+04	1.119682e+04	3.006561e+02	8.102694e-01	5.685158e-02	1.849019e-05	0.000000e+00	0.000000e+00	0.000000e+00	0.000000e+00	
3.332794e-01	-4.491380e-02	1.297338e-01	2.502187e+00	-5.566415e-01	2.801720e+04	1.119675e+04	3.006556e+02	8.096640e-01	5.684238e-02	1.849017e-05	0.000000e+00	0.000000e+00	0.000000e+00	0.000000e+00	
3.183439e-01	-4.153814e-02	1.297336e-01	2.495999e+00	-5.707729e-01	2.801708e+04	1.119673e+04	3.006554e+02	8.094128e-01	5.677757e-02	1.849016e-05	0.000000e+00	0.000000e+00	0.000000e+00	0.000000e+00	
3.035992e-01	-3.812335e-02	1.297336e-01	2.487793e+00	-5.812014e-01	2.801700e+04	1.119674e+04	3.006556e+02	8.095254e-01	5.665234e-02	1.849017e-05	0.000000e+00	0.000000e+00	0.000000e+00	0.000000e+00	
5	4
4	9
9	26
26	30
30	34
34	40
40	42
42	43
43	44
44	48
48	49
49	53
53	58
58	74
47	41
41	35
35	31
31	27
27	10
10	5
74	75
75	78
78	81
81	82
82	87
87	88
88	89
89	90
90	93
93	94
94	95
95	104
104	107
107	108
108	109
109	110
110	115
115	116
116	114
114	113
113	112
112	111
111	106
106	105
105	103
103	102
102	101
101	100
100	99
99	98
98	97
97	96
96	92
92	91
91	86
86	85
85	84
84	83
83	80
80	79
16	15
15	14
14	13
13	12
12	11
11	7
7	6
6	1
1	2
2	3
3	8
8	24
24	28
28	32
32	36
36	37
37	45
45	50
50	118
118	120
120	122
122	124
124	125
125	127
127	130
130	131
131	133
133	136
136	139
175	166
166	165
165	164
164	163
163	162
162	161
161	160
160	159
159	158
158	157
157	156
156	155
155	154
154	153
153	152
152	150
150	149
149	148
148	147
147	146
146	143
143	142
142	138
138	137
137	135
135	134
134	132
132	129
129	128
128	126
126	123
123	121
121	119
119	117
117	47
79	77
77	76
76	73
73	72
72	71
71	70
70	69
69	68
68	67
67	66
66	65
65	64
64	63
63	62
62	61
61	60
60	59
59	57
57	56
56	55
55	54
54	52
52	51
51	46
46	39
39	38
38	33
33	29
29	25
25	23
23	22
22	21
21	20
20	19
19	18
18	17
17	16
139	140
140	141
141	144
144	145
145	151
151	167
167	168
168	169
169	170
170	171
171	172
172	173
173	174
174	191
191	192
192	194
194	196
196	200
200	199
199	198
198	197
197	195
195	193
193	190
190	189
189	188
188	187
187	186
186	185
185	184
184	183
183	182
182	181
181	180
180	179
179	178
178	177
177	176
176	175
