TITLE = "SU2 Simulation"
VARIABLES = "Iteration","CLift","CDrag","CSideForce","CMx","CMy","CMz","CFx","CFy","CFz","CL/CD","HeatFlux_Total","HeatFlux_Maximum","Res_Flow[0]","Res_Flow[1]","Res_Flow[2]","Res_Flow[3]","Res_Flow[4]","Linear_Solver_Iterations","CFL_Number","Time(min)"
ZONE T= "Convergence history"
           0, -7.08350176e+00, 5.40081247e+00, 0.00000000e+00, 0.00000000e+00, 0.00000000e+00, -3.34971544e+00, 3.23911646e+00, -8.29776458e+00, 0.00000000e+00, -1.31156225e+00, 0.00000000e+00, 0.00000000e+00, -2.32360280e+00, -7.34856106e-01, -1.11417045e+00, 3.15672336e+00, 0.00000000e+00, 8.0000000000, 4.0000000000, 0.0065315710
           1, -1.00392707e+01, 7.60249234e+00, 0.00000000e+00, 0.00000000e+00, 0.00000000e+00, -4.76957327e+00, 4.54078664e+00, -1.17458973e+01, 0.00000000e+00, -1.32052363e+00, 0.00000000e+00, 0.00000000e+00, -2.50375246e+00, -5.13772973e-01, -1.68643481e-01, 2.97315367e+00, 0.00000000e+00, 8.0000000000, 4.0000000000, 0.0125443559
           2, -1.03066353e+01, 7.71521321e+00, 0.00000000e+00, 0.00000000e+00, 0.00000000e+00, -4.90978089e+00, 4.57544523e+00, -1.20339747e+01, 0.00000000e+00, -1.33588470e+00, 0.00000000e+00, 0.00000000e+00, -2.66077552e+00, -4.55825704e-01, -8.79967515e-02, 2.81995714e+00, 0.00000000e+00, 8.0000000000, 4.0000000000, 0.0144802796
           3, -9.55488586e+00, 7.05906931e+00, 0.00000000e+00, 0.00000000e+00, 0.00000000e+00, -4.55491300e+00, 4.15192946e+00, -1.11304890e+01, 0.00000000e+00, -1.35356170e+00, 0.00000000e+00, 0.00000000e+00, -2.66347775e+00, -4.99233415e-01, -1.41555318e-01, 2.81688516e+00, 0.00000000e+00, 8.0000000000, 4.0000000000, 0.0198702565
           4, -8.83493043e+00, 6.43831085e+00, 0.00000000e+00, 0.00000000e+00, 0.00000000e+00, -4.20421677e+00, 3.75366474e+00, -1.02673192e+01, 0.00000000e+00, -1.37224353e+00, 0.00000000e+00, 0.00000000e+00, -2.67192548e+00, -5.20219846e-01, -1.88284310e-01, 2.80669988e+00, 0.00000000e+00, 8.0000000000, 4.0000000000, 0.0243366915
           5, -8.52322443e+00, 6.12640742e+00, 0.00000000e+00, 0.00000000e+00, 0.00000000e+00, -4.04206615e+00, 3.53976174e+00, -9.88171592e+00, 0.00000000e+00, -1.39122717e+00, 0.00000000e+00, 0.00000000e+00, -2.70692306e+00, -5.05664193e-01, -1.93039719e-01, 2.77231743e+00, 0.00000000e+00, 8.0000000000, 4.0000000000, 0.0278107112
           6, -8.55991453e+00, 6.06867108e+00, 0.00000000e+00, 0.00000000e+00, 0.00000000e+00, -4.04478432e+00, 3.47414885e+00, -9.90107041e+00, 0.00000000e+00, -1.41050889e+00, 0.00000000e+00, 0.00000000e+00, -2.72749685e+00, -4.85363343e-01, -1.91190056e-01, 2.75300729e+00, 0.00000000e+00, 8.0000000000, 4.0000000000, 0.0308048029
           7, -8.72621617e+00, 6.09873090e+00, 0.00000000e+00, 0.00000000e+00, 0.00000000e+00, -4.10835638e+00, 3.45720525e+00, -1.00692154e+01, 0.00000000e+00, -1.43082492e+00, 0.00000000e+00, 0.00000000e+00, -2.72975309e+00, -4.63728434e-01, -1.92920553e-01, 2.75105374e+00, 0.00000000e+00, 8.0000000000, 4.0000000000, 0.0336084132
           8, -8.84897041e+00, 6.09080938e+00, 0.00000000e+00, 0.00000000e+00, 0.00000000e+00, -4.14819595e+00, 3.41575495e+00, -1.01850309e+01, 0.00000000e+00, -1.45283982e+00, 0.00000000e+00, 0.00000000e+00, -2.73114743e+00, -4.38483032e-01, -1.92605032e-01, 2.74955424e+00, 0.00000000e+00, 8.0000000000, 4.0000000000, 0.0372697834
           9, -8.86307651e+00, 6.00073044e+00, 0.00000000e+00, 0.00000000e+00, 0.00000000e+00, -4.13116999e+00, 3.32527735e+00, -1.01737614e+01, 0.00000000e+00, -1.47699961e+00, 0.00000000e+00, 0.00000000e+00, -2.73616010e+00, -4.11188991e-01, -1.90151389e-01, 2.74461447e+00, 0.00000000e+00, 8.0000000000, 4.0000000000, 0.0414058438
          10, -8.78531397e+00, 5.84278494e+00, 0.00000000e+00, 0.00000000e+00, 0.00000000e+00, -4.06417590e+00, 3.19488465e+00, -1.00554756e+01, 0.00000000e+00, -1.50361755e+00, 0.00000000e+00, 0.00000000e+00, -2.74166175e+00, -3.83839902e-01, -1.88124623e-01, 2.73934031e+00, 0.00000000e+00, 8.0000000000, 4.0000000000, 0.0431173449
          11, -8.66405702e+00, 5.65189740e+00, 0.00000000e+00, 0.00000000e+00, 0.00000000e+00, -3.97018259e+00, 3.04481472e+00, -9.88630020e+00, 0.00000000e+00, -1.53294662e+00, 0.00000000e+00, 0.00000000e+00, -2.74587303e+00, -3.57326683e-01, -1.86814589e-01, 2.73539440e+00, 0.00000000e+00, 8.0000000000, 4.0000000000, 0.0483991173
          12, -8.54011869e+00, 5.45611869e+00, 0.00000000e+00, 0.00000000e+00, 0.00000000e+00, -3.86905638e+00, 2.89078218e+00, -9.71319910e+00, 0.00000000e+00, -1.56523697e+00, 0.00000000e+00, 0.00000000e+00, -2.74881052e+00, -3.32126698e-01, -1.85177918e-01, 2.73275406e+00, 0.00000000e+00, 8.0000000000, 4.0000000000, 0.0522698459
          13, -8.43122904e+00, 5.26686836e+00, 0.00000000e+00, 0.00000000e+00, 0.00000000e+00, -3.76962515e+00, 2.73887713e+00, -9.55636319e+00, 0.00000000e+00, -1.60080497e+00, 0.00000000e+00, 0.00000000e+00, -2.75051512e+00, -3.08611653e-01, -1.82537994e-01, 2.73139083e+00, 0.00000000e+00, 8.0000000000, 4.0000000000, 0.0661965764
          14, -8.33547935e+00, 5.08229343e+00, 0.00000000e+00, 0.00000000e+00, 0.00000000e+00, -3.67111288e+00, 2.58784452e+00, -9.41344694e+00, 0.00000000e+00, -1.64010195e+00, 0.00000000e+00, 0.00000000e+00, -2.75081887e+00, -2.86931911e-01, -1.78702070e-01, 2.73144731e+00, 0.00000000e+00, 8.0000000000, 4.0000000000, 0.0764696466
          15, -8.24208407e+00, 4.89511277e+00, 0.00000000e+00, 0.00000000e+00, 0.00000000e+00, -3.56834046e+00, 2.43365814e+00, -9.27207565e+00, 0.00000000e+00, -1.68373732e+00, 0.00000000e+00, 0.00000000e+00, -2.74972720e+00, -2.66979442e-01, -1.73563172e-01, 2.73287953e+00, 0.00000000e+00, 8.0000000000, 4.0000000000, 0.0892634596
          16, -8.14080811e+00, 4.69899227e+00, 0.00000000e+00, 0.00000000e+00, 0.00000000e+00, -3.45640328e+00, 2.27305046e+00, -9.12066482e+00, 0.00000000e+00, -1.73245829e+00, 0.00000000e+00, 0.00000000e+00, -2.74745616e+00, -2.48493626e-01, -1.67004893e-01, 2.73544305e+00, 0.00000000e+00, 8.0000000000, 4.0000000000, 0.0946790999
          17, -8.02638562e+00, 4.49124693e+00, 0.00000000e+00, 0.00000000e+00, 0.00000000e+00, -3.33292211e+00, 2.10489193e+00, -8.95341248e+00, 0.00000000e+00, -1.78711742e+00, 0.00000000e+00, 0.00000000e+00, -2.74428661e+00, -2.31187605e-01, -1.58994040e-01, 2.73883759e+00, 0.00000000e+00, 8.0000000000, 4.0000000000, 0.0968103612
          18, -7.89843890e+00, 4.27251749e+00, 0.00000000e+00, 0.00000000e+00, 0.00000000e+00, -3.19804836e+00, 1.92990260e+00, -8.77013220e+00, 0.00000000e+00, -1.84866157e+00, 0.00000000e+00, 0.00000000e+00, -2.74047974e+00, -2.14832047e-01, -1.49639157e-01, 2.74278437e+00, 0.00000000e+00, 8.0000000000, 4.0000000000, 0.1016697853
          19, -7.75921886e+00, 4.04513842e+00, 0.00000000e+00, 0.00000000e+00, 0.00000000e+00, -3.05335821e+00, 1.74970605e+00, -8.57363114e+00, 0.00000000e+00, -1.91815905e+00, 0.00000000e+00, 0.00000000e+00, -2.73624199e+00, -1.99303109e-01, -1.39195942e-01, 2.74705846e+00, 0.00000000e+00, 8.0000000000, 4.0000000000, 0.1063368646
          20, -7.61128416e+00, 3.81160227e+00, 0.00000000e+00, 0.00000000e+00, 0.00000000e+00, -2.90068987e+00, 1.56599302e+00, -8.36705589e+00, 0.00000000e+00, -1.99687261e+00, 0.00000000e+00, 0.00000000e+00, -2.73167301e+00, -1.84594884e-01, -1.28051866e-01, 2.75154105e+00, 0.00000000e+00, 8.0000000000, 4.0000000000, 0.1122036203
          21, -7.45618777e+00, 3.57375332e+00, 0.00000000e+00, 0.00000000e+00, 0.00000000e+00, -2.74147023e+00, 1.38010830e+00, -8.15240762e+00, 0.00000000e+00, -2.08637449e+00, 0.00000000e+00, 0.00000000e+00, -2.72672263e+00, -1.70802556e-01, -1.16698021e-01, 2.75626356e+00, 0.00000000e+00, 8.0000000000, 4.0000000000, 0.1151456376
          22, -7.29424498e+00, 3.33269359e+00, 0.00000000e+00, 0.00000000e+00, 0.00000000e+00, -2.57657884e+00, 1.19302429e+00, -7.93029315e+00, 0.00000000e+00, -2.18869355e+00, 0.00000000e+00, 0.00000000e+00, -2.72118545e+00, -1.58082651e-01, -1.05680773e-01, 2.76141723e+00, 0.00000000e+00, 8.0000000000, 4.0000000000, 0.1285965470
          23, -7.12493785e+00, 3.08907028e+00, 0.00000000e+00, 0.00000000e+00, 0.00000000e+00, -2.40653251e+00, 1.00550591e+00, -7.70039300e+00, 0.00000000e+00, -2.30649911e+00, 0.00000000e+00, 0.00000000e+00, -2.71475097e+00, -1.46610003e-01, -9.55424569e-02, 2.76730919e+00, 0.00000000e+00, 8.0000000000, 4.0000000000, 0.1342033723
          24, -6.94745730e+00, 2.84341337e+00, 0.00000000e+00, 0.00000000e+00, 0.00000000e+00, -2.23174073e+00, 8.18285597e-01, -7.46207553e+00, 0.00000000e+00, -2.44335114e+00, 0.00000000e+00, 0.00000000e+00, -2.70709068e+00, -1.36539027e-01, -8.67668767e-02, 2.77428150e+00, 0.00000000e+00, 8.0000000000, 4.0000000000, 0.1379449789
          25, -6.76107321e+00, 2.59634297e+00, 0.00000000e+00, 0.00000000e+00, 0.00000000e+00, -2.05267830e+00, 6.32160704e-01, -7.21480981e+00, 0.00000000e+00, -2.60407554e+00, 0.00000000e+00, 0.00000000e+00, -2.69795923e+00, -1.27977424e-01, -7.97398898e-02, 2.78261266e+00, 0.00000000e+00, 8.0000000000, 4.0000000000, 0.1393368429
          26, -6.56525466e+00, 2.34861403e+00, 0.00000000e+00, 0.00000000e+00, 0.00000000e+00, -1.86993474e+00, 4.48003276e-01, -6.95829359e+00, 0.00000000e+00, -2.79537402e+00, 0.00000000e+00, 0.00000000e+00, -2.68727410e+00, -1.20969671e-01, -7.47258787e-02, 2.79243516e+00, 0.00000000e+00, 8.0000000000, 4.0000000000, 0.1408733118
          27, -6.35961617e+00, 2.10105418e+00, 0.00000000e+00, 0.00000000e+00, 0.00000000e+00, -1.68417994e+00, 2.66715124e-01, -6.69238444e+00, 0.00000000e+00, -3.02686918e+00, 0.00000000e+00, 0.00000000e+00, -2.67515195e+00, -1.15489045e-01, -7.18550589e-02, 2.80369089e+00, 0.00000000e+00, 8.0000000000, 4.0000000000, 0.1457361614
          28, -6.14379756e+00, 1.85447122e+00, 0.00000000e+00, 0.00000000e+00, 0.00000000e+00, -1.49609832e+00, 8.91720349e-02, -6.41695880e+00, 0.00000000e+00, -3.31296463e+00, 0.00000000e+00, 0.00000000e+00, -2.66189783e+00, -1.11436010e-01, -7.11152475e-02, 2.81613165e+00, 0.00000000e+00, 8.0000000000, 4.0000000000, 0.1535361736
          29, -5.91736133e+00, 1.60958271e+00, 0.00000000e+00, 0.00000000e+00, 0.00000000e+00, -1.30633515e+00, -8.38156293e-02, -6.13179391e+00, 0.00000000e+00, -3.67633257e+00, 0.00000000e+00, 0.00000000e+00, -2.64795956e+00, -1.08642699e-01, -7.23444279e-02, 2.82935529e+00, 0.00000000e+00, 8.0000000000, 4.0000000000, 0.1642087867
          30, -5.67974609e+00, 1.36698572e+00, 0.00000000e+00, 0.00000000e+00, 0.00000000e+00, -1.11547317e+00, -2.51519183e-01, -5.83651469e+00, 0.00000000e+00, -4.15494179e+00, 0.00000000e+00, 0.00000000e+00, -2.63386334e+00, -1.06885917e-01, -7.52280036e-02, 2.84286479e+00, 0.00000000e+00, 8.0000000000, 4.0000000000, 0.1668803394
          31, -5.43027151e+00, 1.12715985e+00, 0.00000000e+00, 0.00000000e+00, 0.00000000e+00, -9.24034985e-01, -4.13290087e-01, -5.53059936e+00, 0.00000000e+00, -4.81765873e+00, 0.00000000e+00, 0.00000000e+00, -2.62014653e+00, -1.05911126e-01, -7.93083907e-02, 2.85613473e+00, 0.00000000e+00, 8.0000000000, 4.0000000000, 0.1699389466
          32, -5.16817480e+00, 8.90490126e-01, 0.00000000e+00, 0.00000000e+00, 0.00000000e+00, -7.32501302e-01, -5.68547989e-01, -5.21342082e+00, 0.00000000e+00, -5.80374184e+00, 0.00000000e+00, 0.00000000e+00, -2.60729670e+00, -1.05469075e-01, -8.40211126e-02, 2.86867506e+00, 0.00000000e+00, 8.0000000000, 4.0000000000, 0.1729318483
          33, -4.89265975e+00, 6.57296476e-01, 0.00000000e+00, 0.00000000e+00, 0.00000000e+00, -5.41334526e-01, -7.16765871e-01, -4.88430187e+00, 0.00000000e+00, -7.44361171e+00, 0.00000000e+00, 0.00000000e+00, -2.59570103e+00, -1.05362488e-01, -8.87675473e-02, 2.88008641e+00, 0.00000000e+00, 8.0000000000, 4.0000000000, 0.1745328092
          34, -4.60294616e+00, 4.27862086e-01, 0.00000000e+00, 0.00000000e+00, 0.00000000e+00, -3.51001608e-01, -8.57456475e-01, -4.54257061e+00, 0.00000000e+00, -1.07580137e+01, 0.00000000e+00, 0.00000000e+00, -2.58560758e+00, -1.05493020e-01, -9.30232682e-02, 2.89010392e+00, 0.00000000e+00, 8.0000000000, 4.0000000000, 0.1780037281
          35, -4.29831499e+00, 2.02459205e-01, 0.00000000e+00, 0.00000000e+00, 0.00000000e+00, -1.61993440e-01, -9.90159900e-01, -4.18761088e+00, 0.00000000e+00, -2.12305239e+01, 0.00000000e+00, 0.00000000e+00, -2.57709930e+00, -1.05893175e-01, -9.64565251e-02, 2.89862774e+00, 0.00000000e+00, 8.0000000000, 4.0000000000, 0.1814713812
          36, -3.97815425e+00, -1.86250344e-02, 0.00000000e+00, 0.00000000e+00, 0.00000000e+00, 2.51563942e-02, -1.11443145e+00, -3.81891355e+00, 0.00000000e+00, 2.13591781e+02, 0.00000000e+00, 0.00000000e+00, -2.57008252e+00, -1.06726897e-01, -9.90122232e-02, 2.90573795e+00, 0.00000000e+00, 8.0000000000, 4.0000000000, 0.1896019768
          37, -3.64200439e+00, -2.35061451e-01, 0.00000000e+00, 0.00000000e+00, 0.00000000e+00, 2.09854552e-01, -1.22982803e+00, -3.43612760e+00, 0.00000000e+00, 1.54938395e+01, 0.00000000e+00, 0.00000000e+00, -2.56429407e+00, -1.08248012e-01, -1.00916784e-01, 2.91168961e+00, 0.00000000e+00, 8.0000000000, 4.0000000000, 0.1916698190
          38, -3.28960461e+00, -4.46459406e-01, 0.00000000e+00, 0.00000000e+00, 0.00000000e+00, 3.91433178e-01, -1.33590224e+00, -3.03911002e+00, 0.00000000e+00, 7.36820541e+00, 0.00000000e+00, 0.00000000e+00, -2.55933137e+00, -1.10718098e-01, -1.02586329e-01, 2.91688316e+00, 0.00000000e+00, 8.0000000000, 4.0000000000, 0.1960026776
          39, -2.92093704e+00, -6.52347079e-01, 0.00000000e+00, 0.00000000e+00, 0.00000000e+00, 5.69137732e-01, -1.43219562e+00, -2.62797367e+00, 0.00000000e+00, 4.47758123e+00, 0.00000000e+00, 0.00000000e+00, -2.55470919e+00, -1.14295981e-01, -1.04459998e-01, 2.92180630e+00, 0.00000000e+00, 8.0000000000, 4.0000000000, 0.2024707379
          40, -2.53626335e+00, -8.52156482e-01, 0.00000000e+00, 0.00000000e+00, 0.00000000e+00, 7.42121180e-01, -1.51823431e+00, -2.20312665e+00, 0.00000000e+00, 2.97628828e+00, 0.00000000e+00, 0.00000000e+00, -2.54994149e+00, -1.18919533e-01, -1.06806114e-01, 2.92694859e+00, 0.00000000e+00, 8.0000000000, 4.0000000000, 0.2047425330
          41, -2.13615336e+00, -1.04521540e+00, 0.00000000e+00, 0.00000000e+00, 0.00000000e+00, 9.09444121e-01, -1.59352919e+00, -1.76530200e+00, 0.00000000e+00, 2.04374464e+00, 0.00000000e+00, 0.00000000e+00, -2.54463712e+00, -1.24206644e-01, -1.09551282e-01, 2.93270060e+00, 0.00000000e+00, 8.0000000000, 4.0000000000, 0.2064152764
          42, -1.72150017e+00, -1.23074846e+00, 0.00000000e+00, 0.00000000e+00, 0.00000000e+00, 1.07008396e+00, -1.65758111e+00, -1.31557193e+00, 0.00000000e+00, 1.39874250e+00, 0.00000000e+00, 0.00000000e+00, -2.53858793e+00, -1.29410049e-01, -1.12177608e-01, 2.93926048e+00, 0.00000000e+00, 8.0000000000, 4.0000000000, 0.2124027317
          43, -1.29352259e+00, -1.40788630e+00, 0.00000000e+00, 0.00000000e+00, 0.00000000e+00, 1.22295207e+00, -1.70989032e+00, -8.55347664e-01, 0.00000000e+00, 9.18769217e-01, 0.00000000e+00, 0.00000000e+00, -2.53182390e+00, -1.33470199e-01, -1.13734718e-01, 2.94657568e+00, 0.00000000e+00, 8.0000000000, 4.0000000000, 0.2152789903
          44, -8.53755112e-01, -1.57568228e+00, 0.00000000e+00, 0.00000000e+00, 0.00000000e+00, 1.36691798e+00, -1.74996982e+00, -3.86365190e-01, 0.00000000e+00, 5.41832020e-01, 0.00000000e+00, 0.00000000e+00, -2.52461793e+00, -1.35203832e-01, -1.13012733e-01, 2.95433867e+00, 0.00000000e+00, 8.0000000000, 4.0000000000, 0.2250020681
          45, -4.04027062e-01, -1.73313598e+00, 0.00000000e+00, 0.00000000e+00, 0.00000000e+00, 1.50083887e+00, -1.77736219e+00, 8.93412811e-02, 0.00000000e+00, 2.33119078e-01, 0.00000000e+00, 0.00000000e+00, -2.51744123e+00, -1.33616464e-01, -1.08883983e-01, 2.96203558e+00, 0.00000000e+00, 8.0000000000, 4.0000000000, 0.2290031718
          46, 5.35655901e-02, -1.87922015e+00, 0.00000000e+00, 0.00000000e+00, 0.00000000e+00, 1.62359174e+00, -1.79165767e+00, 5.69473822e-01, 0.00000000e+00, -2.85041592e-02, 0.00000000e+00, 0.00000000e+00, -2.51088740e+00, -1.28237035e-01, -1.00721050e-01, 2.96902806e+00, 0.00000000e+00, 8.0000000000, 4.0000000000, 0.2330740670
          47, 5.16692896e-01, -2.01291052e+00, 0.00000000e+00, 0.00000000e+00, 0.00000000e+00, 1.73410647e+00, -1.79251391e+00, 1.05151042e+00, 0.00000000e+00, -2.56689451e-01, 0.00000000e+00, 0.00000000e+00, -2.50559018e+00, -1.19309903e-01, -8.86952176e-02, 2.97464106e+00, 0.00000000e+00, 8.0000000000, 4.0000000000, 0.2374104649
          48, 9.82824768e-01, -2.13321652e+00, 0.00000000e+00, 0.00000000e+00, 0.00000000e+00, 1.83139754e+00, -1.77967611e+00, 1.53274596e+00, 0.00000000e+00, -4.60724338e-01, 0.00000000e+00, 0.00000000e+00, -2.50215448e+00, -1.07735215e-01, -7.37830339e-02, 2.97823567e+00, 0.00000000e+00, 8.0000000000, 4.0000000000, 0.2432033309
          49, 1.44926234e+00, -2.23921069e+00, 0.00000000e+00, 0.00000000e+00, 0.00000000e+00, 1.91459213e+00, -1.75299662e+00, 2.01033049e+00, 0.00000000e+00, -6.47220178e-01, 0.00000000e+00, 0.00000000e+00, -2.50110908e+00, -9.48030678e-02, -5.74889156e-02, 2.97925858e+00, 0.00000000e+00, 8.0000000000, 4.0000000000, 0.2467370633
          50, 1.91316571e+00, -2.33005619e+00, 0.00000000e+00, 0.00000000e+00, 0.00000000e+00, 1.98295396e+00, -1.71245383e+00, 2.48130345e+00, 0.00000000e+00, -8.21081362e-01, 0.00000000e+00, 0.00000000e+00, -2.50287916e+00, -8.18772218e-02, -4.14616581e-02, 2.97727034e+00, 0.00000000e+00, 8.0000000000, 4.0000000000, 0.2508699770
          51, 2.37157714e+00, -2.40503105e+00, 0.00000000e+00, 0.00000000e+00, 0.00000000e+00, 2.03590273e+00, -1.65816897e+00, 2.94262267e+00, 0.00000000e+00, -9.86090033e-01, 0.00000000e+00, 0.00000000e+00, -2.50777139e+00, -7.01644402e-02, -2.71896568e-02, 2.97196072e+00, 0.00000000e+00, 8.0000000000, 4.0000000000, 0.2530921543
          52, 2.82143876e+00, -2.46354836e+00, 0.00000000e+00, 0.00000000e+00, 0.00000000e+00, 2.07302846e+00, -1.59042075e+00, 3.39118696e+00, 0.00000000e+00, -1.14527436e+00, 0.00000000e+00, 0.00000000e+00, -2.51596260e+00, -6.06122084e-02, -1.58466128e-02, 2.96316087e+00, 0.00000000e+00, 8.0000000000, 4.0000000000, 0.2546771976
          53, 3.25960618e+00, -2.50517712e+00, 0.00000000e+00, 0.00000000e+00, 0.00000000e+00, 2.09410204e+00, -1.50966158e+00, 3.82385496e+00, 0.00000000e+00, -1.30114799e+00, 0.00000000e+00, 0.00000000e+00, -2.52748374e+00, -5.39061976e-02, -8.26064512e-03, 2.95086112e+00, 0.00000000e+00, 8.0000000000, 4.0000000000, 0.2557434560
          54, 3.68285912e+00, -2.52965643e+00, 0.00000000e+00, 0.00000000e+00, 0.00000000e+00, 2.09908104e+00, -1.41652828e+00, 4.23745922e+00, 0.00000000e+00, -1.45587325e+00, 0.00000000e+00, 0.00000000e+00, -2.54219281e+00, -5.05173979e-02, -4.94690834e-03, 2.93524151e+00, 0.00000000e+00, 8.0000000000, 4.0000000000, 0.2578938379
          55, 4.08791171e+00, -2.53690380e+00, 0.00000000e+00, 0.00000000e+00, 0.00000000e+00, 2.08811215e+00, -1.31184727e+00, 4.62881840e+00, 0.00000000e+00, -1.61137829e+00, 0.00000000e+00, 0.00000000e+00, -2.55973349e+00, -5.07586746e-02, -6.15477969e-03, 2.91671814e+00, 0.00000000e+00, 8.0000000000, 4.0000000000, 0.2608040686
          56, 4.47142416e+00, -2.52702045e+00, 0.00000000e+00, 0.00000000e+00, 0.00000000e+00, 2.06153060e+00, -1.19663643e+00, 4.99475000e+00, 0.00000000e+00, -1.76944518e+00, 0.00000000e+00, 0.00000000e+00, -2.57948259e+00, -5.48266071e-02, -1.19014308e-02, 2.89600187e+00, 0.00000000e+00, 8.0000000000, 4.0000000000, 0.2681328803
          57, 4.83001830e+00, -2.50029235e+00, 0.00000000e+00, 0.00000000e+00, 0.00000000e+00, 2.01985685e+00, -1.07210179e+00, 5.33208555e+00, 0.00000000e+00, -1.93178142e+00, 0.00000000e+00, 0.00000000e+00, -2.60050082e+00, -6.28175743e-02, -2.19793036e-02, 2.87415121e+00, 0.00000000e+00, 8.0000000000, 4.0000000000, 0.2754711545
          58, 5.16029965e+00, -2.45718862e+00, 0.00000000e+00, 0.00000000e+00, 0.00000000e+00, 1.96379096e+00, -9.39629948e-01, 5.63769137e+00, 0.00000000e+00, -2.10008284e+00, 0.00000000e+00, 0.00000000e+00, -2.62152072e+00, -7.47140104e-02, -3.59341948e-02, 2.85257893e+00, 0.00000000e+00, 8.0000000000, 4.0000000000, 0.2797824188
          59, 5.45888859e+00, -2.39835375e+00, 0.00000000e+00, 0.00000000e+00, 0.00000000e+00, 1.89420429e+00, -8.00771973e-01, 5.90849639e+00, 0.00000000e+00, -2.27609818e+00, 0.00000000e+00, 0.00000000e+00, -2.64102603e+00, -9.03410583e-02, -5.30193686e-02, 2.83294822e+00, 0.00000000e+00, 8.0000000000, 4.0000000000, 0.2876708828
          60, 5.72246276e+00, -2.32459650e+00, 0.00000000e+00, 0.00000000e+00, 0.00000000e+00, 1.81212860e+00, -6.57221068e-01, 6.14152989e+00, 0.00000000e+00, -2.46170153e+00, 0.00000000e+00, 0.00000000e+00, -2.65747481e+00, -1.09296829e-01, -7.21433892e-02, 2.81690183e+00, 0.00000000e+00, 8.0000000000, 4.0000000000, 0.2946039899
          61, 5.94780628e+00, -2.23687612e+00, 0.00000000e+00, 0.00000000e+00, 0.00000000e+00, 1.71874226e+00, -5.10785742e-01, 6.33396497e+00, 0.00000000e+00, -2.65897884e+00, 0.00000000e+00, 0.00000000e+00, -2.66965944e+00, -1.30866359e-01, -9.18515829e-02, 2.80564740e+00, 0.00000000e+00, 8.0000000000, 4.0000000000, 0.2982663195
          62, 6.13186772e+00, -2.13628477e+00, 0.00000000e+00, 0.00000000e+00, 0.00000000e+00, 1.61535288e+00, -3.63356916e-01, 6.48316945e+00, 0.00000000e+00, -2.87034192e+00, 0.00000000e+00, 0.00000000e+00, -2.67708071e+00, -1.53944150e-01, -1.10405856e-01, 2.79956070e+00, 0.00000000e+00, 8.0000000000, 4.0000000000, 0.3004110124
          63, 6.27182586e+00, -2.02402636e+00, 0.00000000e+00, 0.00000000e+00, 0.00000000e+00, 1.50337654e+00, -2.16869509e-01, 6.58676324e+00, 0.00000000e+00, -3.09868784e+00, 0.00000000e+00, 0.00000000e+00, -2.68013549e+00, -1.77016580e-01, -1.26029418e-01, 2.79803743e+00, 0.00000000e+00, 8.0000000000, 4.0000000000, 0.3143967145
          64, 6.36516056e+00, -1.90139273e+00, 0.00000000e+00, 0.00000000e+00, 0.00000000e+00, 1.38431345e+00, -7.32599727e-02, 6.64267990e+00, 0.00000000e+00, -3.34763064e+00, 0.00000000e+00, 0.00000000e+00, -2.67999582e+00, -1.98281679e-01, -1.37315264e-01, 2.79969498e+00, 0.00000000e+00, 8.0000000000, 4.0000000000, 0.3179395497
          65, 6.40972645e+00, -1.76973789e+00, 0.00000000e+00, 0.00000000e+00, 0.00000000e+00, 1.25972104e+00, 6.55788025e-02, 6.64923039e+00, 0.00000000e+00, -3.62185071e+00, 0.00000000e+00, 0.00000000e+00, -2.67825478e+00, -2.15969890e-01, -1.43656487e-01, 2.80279415e+00, 0.00000000e+00, 8.0000000000, 4.0000000000, 0.3216701218
          66, 6.40382279e+00, -1.63045076e+00, 0.00000000e+00, 0.00000000e+00, 0.00000000e+00, 1.13118390e+00, 1.97842916e-01, 6.60516269e+00, 0.00000000e+00, -3.92763948e+00, 0.00000000e+00, 0.00000000e+00, -2.67653670e+00, -2.28824421e-01, -1.45457973e-01, 2.80564869e+00, 0.00000000e+00, 8.0000000000, 4.0000000000, 0.3313967487
          67, 6.34625840e+00, -1.48492747e+00, 0.00000000e+00, 0.00000000e+00, 0.00000000e+00, 1.00028151e+00, 3.21861989e-01, 6.50971660e+00, 0.00000000e+00, -4.27378343e+00, 0.00000000e+00, 0.00000000e+00, -2.67622398e+00, -2.36530394e-01, -1.43986746e-01, 2.80688022e+00, 0.00000000e+00, 8.0000000000, 4.0000000000, 0.3443985784
          68, 6.23640765e+00, -1.33454191e+00, 0.00000000e+00, 0.00000000e+00, 0.00000000e+00, 8.68554349e-01, 4.36142896e-01, 6.36266939e+00, 0.00000000e+00, -4.67306992e+00, 0.00000000e+00, 0.00000000e+00, -2.67833400e+00, -2.39824610e-01, -1.40960847e-01, 2.80551067e+00, 0.00000000e+00, 8.0000000000, 4.0000000000, 0.3476712651
          69, 6.07425604e+00, -1.18061874e+00, 0.00000000e+00, 0.00000000e+00, 0.00000000e+00, 7.37470096e-01, 5.39408297e-01, 6.16437229e+00, 0.00000000e+00, -5.14497679e+00, 0.00000000e+00, 0.00000000e+00, -2.68350247e+00, -2.40207656e-01, -1.38116136e-01, 2.80095355e+00, 0.00000000e+00, 8.0000000000, 4.0000000000, 0.3493390303
          70, 5.86042738e+00, -1.02440993e+00, 0.00000000e+00, 0.00000000e+00, 0.00000000e+00, 6.08390684e-01, 6.30626682e-01, 5.91577001e+00, 0.00000000e+00, -5.72078347e+00, 0.00000000e+00, 0.00000000e+00, -2.69201672e+00, -2.39452972e-01, -1.36921980e-01, 2.79296456e+00, 0.00000000e+00, 8.0000000000, 4.0000000000, 0.3516919197
          71, 5.59619310e+00, -8.67071697e-01, 0.00000000e+00, 0.00000000e+00, 0.00000000e+00, 4.82541188e-01, 7.09037059e-01, 5.61840342e+00, 0.00000000e+00, -6.45412959e+00, 0.00000000e+00, 0.00000000e+00, -2.70386072e+00, -2.39180555e-01, -1.38471286e-01, 2.78158779e+00, 0.00000000e+00, 8.0000000000, 4.0000000000, 0.3583368032
          72, 5.28346357e+00, -7.09646337e-01, 0.00000000e+00, 0.00000000e+00, 0.00000000e+00, 3.60982445e-01, 7.74164085e-01, 5.27439619e+00, 0.00000000e+00, -7.44520656e+00, 0.00000000e+00, 0.00000000e+00, -2.71875531e+00, -2.40626503e-01, -1.43485958e-01, 2.76711079e+00, 0.00000000e+00, 8.0000000000, 4.0000000000, 0.3626688955
          73, 4.92475882e+00, -5.53049408e-01, 0.00000000e+00, 0.00000000e+00, 0.00000000e+00, 2.44588015e-01, 8.25822289e-01, 4.88642310e+00, 0.00000000e+00, -8.90473574e+00, 0.00000000e+00, 0.00000000e+00, -2.73619245e+00, -2.44587475e-01, -1.52370739e-01, 2.75002780e+00, 0.00000000e+00, 8.0000000000, 4.0000000000, 0.3658778976
          74, 4.52315777e+00, -3.98061310e-01, 0.00000000e+00, 0.00000000e+00, 0.00000000e+00, 1.34026538e-01, 8.64110159e-01, 4.45765888e+00, 0.00000000e+00, -1.13629676e+01, 0.00000000e+00, 0.00000000e+00, -2.75547097e+00, -2.51462603e-01, -1.65272929e-01, 2.73100385e+00, 0.00000000e+00, 8.0000000000, 4.0000000000, 0.3686674241
          75, 4.08223093e+00, -2.45324694e-01, 0.00000000e+00, 0.00000000e+00, 0.00000000e+00, 2.97510381e-02, 8.89394109e-01, 3.99171288e+00, 0.00000000e+00, -1.66401142e+01, 0.00000000e+00, 0.00000000e+00, -2.77574461e+00, -2.61329190e-01, -1.82128971e-01, 2.71083040e+00, 0.00000000e+00, 8.0000000000, 4.0000000000, 0.3723410433
          76, 3.60595873e+00, -9.53470067e-02, 0.00000000e+00, 0.00000000e+00, 0.00000000e+00, -6.80044015e-02, 9.02283505e-01, 3.49255120e+00, 0.00000000e+00, -3.78193176e+01, 0.00000000e+00, 0.00000000e+00, -2.79609164e+00, -2.74019656e-01, -2.02693597e-01, 2.69036512e+00, 0.00000000e+00, 8.0000000000, 4.0000000000, 0.3760041354
          77, 3.09864020e+00, 5.14902411e-02, 0.00000000e+00, 0.00000000e+00, 0.00000000e+00, -1.59219434e-01, 9.03596588e-01, 2.96441150e+00, 0.00000000e+00, 6.01791744e+01, 0.00000000e+00, 0.00000000e+00, -2.81560674e+00, -2.89190284e-01, -2.26554367e-01, 2.67045583e+00, 0.00000000e+00, 8.0000000000, 4.0000000000, 0.3837317749
          78, 2.56479730e+00, 1.94917830e-01, 0.00000000e+00, 0.00000000e+00, 0.00000000e+00, -2.44074059e-01, 8.94320990e-01, 2.41171477e+00, 0.00000000e+00, 1.31583514e+01, 0.00000000e+00, 0.00000000e+00, -2.83350281e+00, -3.06383396e-01, -2.53138226e-01, 2.65185811e+00, 0.00000000e+00, 8.0000000000, 4.0000000000, 0.3876693121
          79, 2.00908013e+00, 3.34760946e-01, 0.00000000e+00, 0.00000000e+00, 0.00000000e+00, -3.22927470e-01, 8.75570409e-01, 1.83897915e+00, 0.00000000e+00, 6.00153678e+00, 0.00000000e+00, 0.00000000e+00, -2.84919793e+00, -3.25087085e-01, -2.81719199e-01, 2.63516469e+00, 0.00000000e+00, 8.0000000000, 4.0000000000, 0.3921305169
          80, 1.43617903e+00, 4.70917792e-01, 0.00000000e+00, 0.00000000e+00, 0.00000000e+00, -3.96289795e-01, 8.48539825e-01, 1.25074135e+00, 0.00000000e+00, 3.04974467e+00, 0.00000000e+00, 0.00000000e+00, -2.86236165e+00, -3.44794130e-01, -3.11438100e-01, 2.62076501e+00, 0.00000000e+00, 8.0000000000, 4.0000000000, 0.3959344702
          81, 8.50747191e-01, 6.03336386e-01, 0.00000000e+00, 0.00000000e+00, 0.00000000e+00, -4.64788447e-01, 8.14461864e-01, 6.51488641e-01, 0.00000000e+00, 1.41007108e+00, 0.00000000e+00, 0.00000000e+00, -2.87290839e+00, -3.65056668e-01, -3.41344634e-01, 2.60884303e+00, 0.00000000e+00, 8.0000000000, 4.0000000000, 0.3991444135
          82, 2.57337774e-01, 7.31990447e-01, 0.00000000e+00, 0.00000000e+00, 0.00000000e+00, -5.29130382e-01, 7.74566282e-01, 4.56050339e-02, 0.00000000e+00, 3.51558924e-01, 0.00000000e+00, 0.00000000e+00, -2.88094869e+00, -3.85528183e-01, -3.70467255e-01, 2.59940579e+00, 0.00000000e+00, 8.0000000000, 4.0000000000, 0.4047346053
          83, -3.39643568e-01, 8.56855997e-01, 0.00000000e+00, 0.00000000e+00, 0.00000000e+00, -5.90062486e-01, 7.30044394e-01, -5.62667874e-01, 0.00000000e+00, -3.96383487e-01, 0.00000000e+00, 0.00000000e+00, -2.88672389e+00, -4.05982369e-01, -3.97904355e-01, 2.59232447e+00, 0.00000000e+00, 8.0000000000, 4.0000000000, 0.4106703862
          84, -9.35969559e-01, 9.77889978e-01, 0.00000000e+00, 0.00000000e+00, 0.00000000e+00, -6.48331732e-01, 6.82020005e-01, -1.16925469e+00, 0.00000000e+00, -9.57131763e-01, 0.00000000e+00, 0.00000000e+00, -2.89054962e+00, -4.26301287e-01, -4.22915017e-01, 2.58737057e+00, 0.00000000e+00, 8.0000000000, 4.0000000000, 0.4272632464
          85, -1.52760753e+00, 1.09501160e+00, 0.00000000e+00, 0.00000000e+00, 0.00000000e+00, -7.04647273e-01, 6.31527005e-01, -1.77025670e+00, 0.00000000e+00, -1.39506059e+00, 0.00000000e+00, 0.00000000e+00, -2.89278022e+00, -4.46431982e-01, -4.44978220e-01, 2.58424000e+00, 0.00000000e+00, 8.0000000000, 4.0000000000, 0.4335453336
          86, -2.11072379e+00, 1.20808749e+00, 0.00000000e+00, 0.00000000e+00, 0.00000000e+00, -7.59646219e-01, 5.79493902e-01, -2.36195197e+00, 0.00000000e+00, -1.74716137e+00, 0.00000000e+00, 0.00000000e+00, -2.89379149e+00, -4.66318019e-01, -4.63795794e-01, 2.58256832e+00, 0.00000000e+00, 8.0000000000, 4.0000000000, 0.4350760012
          87, -2.68167836e+00, 1.31692121e+00, 0.00000000e+00, 0.00000000e+00, 0.00000000e+00, -8.13864564e-01, 5.26735187e-01, -2.94078737e+00, 0.00000000e+00, -2.03632407e+00, 0.00000000e+00, 0.00000000e+00, -2.89397190e+00, -4.85817900e-01, -4.79238099e-01, 2.58194554e+00, 0.00000000e+00, 8.0000000000, 4.0000000000, 0.4364346114
          88, -3.23701593e+00, 1.42124782e+00, 0.00000000e+00, 0.00000000e+00, 0.00000000e+00, -8.67714257e-01, 4.73948581e-01, -3.50336842e+00, 0.00000000e+00, -2.27758726e+00, 0.00000000e+00, 0.00000000e+00, -2.89371278e+00, -5.04624656e-01, -4.91258266e-01, 2.58193656e+00, 0.00000000e+00, 8.0000000000, 4.0000000000, 0.4373830919
          89, -3.77345991e+00, 1.52073338e+00, 0.00000000e+00, 0.00000000e+00, 0.00000000e+00, -9.21468113e-01, 4.21716232e-01, -4.04645340e+00, 0.00000000e+00, -2.48134221e+00, 0.00000000e+00, 0.00000000e+00, -2.89339352e+00, -5.22203400e-01, -4.99813587e-01, 2.58210789e+00, 0.00000000e+00, 8.0000000000, 4.0000000000, 0.4384107501
          90, -4.28789950e+00, 1.61497836e+00, 0.00000000e+00, 0.00000000e+00, 0.00000000e+00, -9.75250724e-01, 3.70511554e-01, -4.56694191e+00, 0.00000000e+00, -2.65508171e+00, 0.00000000e+00, 0.00000000e+00, -2.89336316e+00, -5.37767563e-01, -5.04826352e-01, 2.58205643e+00, 0.00000000e+00, 8.0000000000, 4.0000000000, 0.4408023086
          91, -4.77738724e+00, 1.70352595e+00, 0.00000000e+00, 0.00000000e+00, 0.00000000e+00, -1.02903698e+00, 3.20707857e-01, -5.06187474e+00, 0.00000000e+00, -2.80441119e+00, 0.00000000e+00, 0.00000000e+00, -2.89392289e+00, -5.50320036e-01, -5.06196535e-01, 2.58143417e+00, 0.00000000e+00, 8.0000000000, 4.0000000000, 0.4421453228
          92, -5.23914408e+00, 1.78587373e+00, 0.00000000e+00, 0.00000000e+00, 0.00000000e+00, -1.08265718e+00, 2.72588193e-01, -5.52844204e+00, 0.00000000e+00, -2.93365874e+00, 0.00000000e+00, 0.00000000e+00, -2.89531343e+00, -5.58781337e-01, -5.03856580e-01, 2.57996476e+00, 0.00000000e+00, 8.0000000000, 4.0000000000, 0.4440084843
          93, -5.67057064e+00, 1.86148833e+00, 0.00000000e+00, 0.00000000e+00, 0.00000000e+00, -1.13580824e+00, 2.26356334e-01, -5.96399807e+00, 0.00000000e+00, -3.04625634e+00, 0.00000000e+00, 0.00000000e+00, -2.89770963e+00, -5.62201521e-01, -4.97842107e-01, 2.57745016e+00, 0.00000000e+00, 8.0000000000, 4.0000000000, 0.4473452985
          94, -6.06926355e+00, 1.92982194e+00, 0.00000000e+00, 0.00000000e+00, 0.00000000e+00, -1.18806962e+00, 1.82148158e-01, -6.36608159e+00, 0.00000000e+00, -3.14498629e+00, 0.00000000e+00, 0.00000000e+00, -2.90122264e+00, -5.60002519e-01, -4.88347393e-01, 2.57376799e+00, 0.00000000e+00, 8.0000000000, 4.0000000000, 0.4498699199
          95, -6.43303634e+00, 1.99032998e+00, 0.00000000e+00, 0.00000000e+00, 0.00000000e+00, -1.23892300e+00, 1.40042844e-01, -6.73244071e+00, 0.00000000e+00, -3.23214563e+00, 0.00000000e+00, 0.00000000e+00, -2.90590814e+00, -5.52153284e-01, -4.75743603e-01, 2.56886187e+00, 0.00000000e+00, 8.0000000000, 4.0000000000, 0.4516783532
          96, -6.75994284e+00, 2.04248901e+00, 0.00000000e+00, 0.00000000e+00, 0.00000000e+00, -1.28777467e+00, 1.00073676e-01, -7.06106039e+00, 0.00000000e+00, -3.30965935e+00, 0.00000000e+00, 0.00000000e+00, -2.91177840e+00, -5.39192112e-01, -4.60554543e-01, 2.56272765e+00, 0.00000000e+00, 8.0000000000, 4.0000000000, 0.4588710237
          97, -7.04830224e+00, 2.08581457e+00, 0.00000000e+00, 0.00000000e+00, 0.00000000e+00, -1.33397973e+00, 6.22382635e-02, -7.35019138e+00, 0.00000000e+00, -3.37916051e+00, 0.00000000e+00, 0.00000000e+00, -2.91881541e+00, -5.22088365e-01, -4.43402573e-01, 2.55539828e+00, 0.00000000e+00, 8.0000000000, 4.0000000000, 0.4618764010
          98, -7.29672334e+00, 2.11987809e+00, 0.00000000e+00, 0.00000000e+00, 0.00000000e+00, -1.37686719e+00, 2.65080783e-02, -7.59837825e+00, 0.00000000e+00, -3.44204857e+00, 0.00000000e+00, 0.00000000e+00, -2.92698245e+00, -5.02019430e-01, -4.24945123e-01, 2.54693041e+00, 0.00000000e+00, 8.0000000000, 4.0000000000, 0.4646701386
          99, -7.50412542e+00, 2.14432202e+00, 0.00000000e+00, 0.00000000e+00, 0.00000000e+00, -1.41576460e+00, -7.16266409e-03, -7.80448358e+00, 0.00000000e+00, -3.49953288e+00, 0.00000000e+00, 0.00000000e+00, -2.93623166e+00, -4.80161311e-01, -4.05819823e-01, 2.53739486e+00, 0.00000000e+00, 8.0000000000, 4.0000000000, 0.4677441002
         100, -7.66975450e+00, 2.15887313e+00, 0.00000000e+00, 0.00000000e+00, 0.00000000e+00, -1.45002163e+00, -3.88288012e-02, -7.96770730e+00, 0.00000000e+00, -3.55266569e+00, 0.00000000e+00, 0.00000000e+00, -2.94650547e+00, -4.57551625e-01, -3.86607196e-01, 2.52687345e+00, 0.00000000e+00, 8.0000000000, 4.0000000000, 0.4703975853
         101, -7.79319452e+00, 2.16335329e+00, 0.00000000e+00, 0.00000000e+00, 0.00000000e+00, -1.47903202e+00, -6.85468760e-02, -8.08760036e+00, 0.00000000e+00, -3.60236793e+00, 0.00000000e+00, 0.00000000e+00, -2.95773059e+00, -4.35031999e-01, -3.67811904e-01, 2.51546345e+00, 0.00000000e+00, 8.0000000000, 4.0000000000, 0.4732764549
         102, -7.87437081e+00, 2.15768724e+00, 0.00000000e+00, 0.00000000e+00, 0.00000000e+00, -1.50225266e+00, -9.63686474e-02, -8.16407024e+00, 0.00000000e+00, -3.64944958e+00, 0.00000000e+00, 0.00000000e+00, -2.96980383e+00, -4.13246731e-01, -3.49858561e-01, 2.50329044e+00, 0.00000000e+00, 8.0000000000, 4.0000000000, 0.4804656037
         103, -7.91354716e+00, 2.14190750e+00, 0.00000000e+00, 0.00000000e+00, 0.00000000e+00, -1.51921975e+00, -1.22335579e-01, -8.19737948e+00, 0.00000000e+00, -3.69462601e+00, 0.00000000e+00, 0.00000000e+00, -2.98257023e+00, -3.92669990e-01, -3.33096823e-01, 2.49052909e+00, 0.00000000e+00, 8.0000000000, 4.0000000000, 0.4910674276
         104, -7.91131600e+00, 2.11615592e+00, 0.00000000e+00, 0.00000000e+00, 0.00000000e+00, -1.52956157e+00, -1.46474596e-01, -8.18813665e+00, 0.00000000e+00, -3.73853171e+00, 0.00000000e+00, 0.00000000e+00, -2.99579486e+00, -3.73641870e-01, -3.17810971e-01, 2.47743038e+00, 0.00000000e+00, 8.0000000000, 4.0000000000, 0.4968807319
         105, -7.86858216e+00, 2.08068204e+00, 0.00000000e+00, 0.00000000e+00, 0.00000000e+00, -1.53300757e+00, -1.68795235e-01, -8.13728033e+00, 0.00000000e+00, -3.78173215e+00, 0.00000000e+00, 0.00000000e+00, -3.00913147e+00, -3.56402656e-01, -3.04230788e-01, 2.46435168e+00, 0.00000000e+00, 8.0000000000, 4.0000000000, 0.5007349131
         106, -7.78654110e+00, 2.03583830e+00, 0.00000000e+00, 0.00000000e+00, 0.00000000e+00, -1.52939330e+00, -1.89288225e-01, -8.04605679e+00, 0.00000000e+00, -3.82473456e+00, 0.00000000e+00, 0.00000000e+00, -3.02209422e+00, -3.41121174e-01, -2.92542124e-01, 2.45178309e+00, 0.00000000e+00, 8.0000000000, 4.0000000000, 0.5056031301
         107, -7.66665244e+00, 1.98207245e+00, 0.00000000e+00, 0.00000000e+00, 0.00000000e+00, -1.51866143e+00, -2.07925485e-01, -7.91599254e+00, 0.00000000e+00, -3.86799809e+00, 0.00000000e+00, 0.00000000e+00, -3.03404278e+00, -3.27916592e-01, -2.82896227e-01, 2.44035962e+00, 0.00000000e+00, 8.0000000000, 4.0000000000, 0.5081370354
         108, -7.51061007e+00, 1.91991677e+00, 0.00000000e+00, 0.00000000e+00, 0.00000000e+00, -1.50085879e+00, -2.24662249e-01, -7.74886256e+00, 0.00000000e+00, -3.91194566e+00, 0.00000000e+00, 0.00000000e+00, -3.04419542e+00, -3.16874457e-01, -2.75417469e-01, 2.43084492e+00, 0.00000000e+00, 8.0000000000, 4.0000000000, 0.5095365881
         109, -7.32031009e+00, 1.84997530e+00, 0.00000000e+00, 0.00000000e+00, 0.00000000e+00, -1.47612982e+00, -2.39440527e-01, -7.54665599e+00, 0.00000000e+00, -3.95697721e+00, 0.00000000e+00, 0.00000000e+00, -3.05168618e+00, -3.08058224e-01, -2.70209546e-01, 2.42407187e+00, 0.00000000e+00, 8.0000000000, 4.0000000000, 0.5110762333
         110, -7.09781764e+00, 1.77290950e+00, 0.00000000e+00, 0.00000000e+00, 0.00000000e+00, -1.44470676e+00, -2.52193691e-01, -7.31154031e+00, 0.00000000e+00, -4.00348559e+00, 0.00000000e+00, 0.00000000e+00, -3.05567487e+00, -3.01517361e-01, -2.67360137e-01, 2.42083355e+00, 0.00000000e+00, 8.0000000000, 4.0000000000, 0.5164152833
         111, -6.84533394e+00, 1.68942275e+00, 0.00000000e+00, 0.00000000e+00, 0.00000000e+00, -1.40689727e+00, -2.62852364e-01, -7.04582533e+00, 0.00000000e+00, -4.05187743e+00, 0.00000000e+00, 0.00000000e+00, -3.05549737e+00, -2.97292827e-01, -2.66944124e-01, 2.42173939e+00, 0.00000000e+00, 8.0000000000, 4.0000000000, 0.5216019433
         112, -6.56516462e+00, 1.60024395e+00, 0.00000000e+00, 0.00000000e+00, 0.00000000e+00, -1.36307011e+00, -2.71351405e-01, -6.75192828e+00, 0.00000000e+00, -4.10260237e+00, 0.00000000e+00, 0.00000000e+00, -3.05081523e+00, -2.95420524e-01, -2.69025209e-01, 2.42707669e+00, 0.00000000e+00, 8.0000000000, 4.0000000000, 0.5318687812
         113, -6.25969004e+00, 1.50611134e+00, 0.00000000e+00, 0.00000000e+00, 0.00000000e+00, -1.31363957e+00, -2.77637273e-01, -6.43234081e+00, 0.00000000e+00, -4.15619343e+00, 0.00000000e+00, 0.00000000e+00, -3.04170686e+00, -2.95932895e-01, -2.73655591e-01, 2.43673149e+00, 0.00000000e+00, 8.0000000000, 4.0000000000, 0.5349874015
         114, -5.93133882e+00, 1.40775759e+00, 0.00000000e+00, 0.00000000e+00, 0.00000000e+00, -1.25904955e+00, -2.81675098e-01, -6.08959940e+00, 0.00000000e+00, -4.21332398e+00, 0.00000000e+00, 0.00000000e+00, -3.02865982e+00, -2.98858736e-01, -2.80873203e-01, 2.45020328e+00, 0.00000000e+00, 8.0000000000, 4.0000000000, 0.5365439844
         115, -5.58256424e+00, 1.30589551e+00, 0.00000000e+00, 0.00000000e+00, 0.00000000e+00, -1.19975779e+00, -2.83455917e-01, -5.72625875e+00, 0.00000000e+00, -4.27489352e+00, 0.00000000e+00, 0.00000000e+00, -3.01246860e+00, -3.04220980e-01, -2.90695581e-01, 2.46670617e+00, 0.00000000e+00, 8.0000000000, 4.0000000000, 0.5385363586
         116, -5.21582425e+00, 1.20120551e+00, 0.00000000e+00, 0.00000000e+00, 0.00000000e+00, -1.13622108e+00, -2.83003155e-01, -5.34486918e+00, 0.00000000e+00, -4.34215810e+00, 0.00000000e+00, 0.00000000e+00, -2.99408441e+00, -3.12031873e-01, -3.03108859e-01, 2.48531171e+00, 0.00000000e+00, 8.0000000000, 4.0000000000, 0.5403344091
         117, -4.83356536e+00, 1.09432549e+00, 0.00000000e+00, 0.00000000e+00, 0.00000000e+00, -1.06888228e+00, -2.80377997e-01, -4.94795822e+00, 0.00000000e+00, -4.41693572e+00, 0.00000000e+00, 0.00000000e+00, -2.97447264e+00, -3.22284775e-01, -3.18049932e-01, 2.50508237e+00, 0.00000000e+00, 8.0000000000, 4.0000000000, 0.5436038804
         118, -4.43821000e+00, 9.85842911e-01, 0.00000000e+00, 0.00000000e+00, 0.00000000e+00, -9.98159479e-01, -2.75683441e-01, -4.53801641e+00, 0.00000000e+00, -4.50194443e+00, 0.00000000e+00, 0.00000000e+00, -2.95451370e+00, -3.34941315e-01, -3.35379026e-01, 2.52516377e+00, 0.00000000e+00, 8.0000000000, 4.0000000000, 0.5475366165
         119, -4.03214726e+00, 8.76289279e-01, 0.00000000e+00, 0.00000000e+00, 0.00000000e+00, -9.24437744e-01, -2.69067091e-01, -4.11748677e+00, 0.00000000e+00, -4.60138833e+00, 0.00000000e+00, 0.00000000e+00, -2.93495382e+00, -3.49912241e-01, -3.54839504e-01, 2.54483034e+00, 0.00000000e+00, 8.0000000000, 4.0000000000, 0.5504819670
         120, -3.61772600e+00, 7.66137736e-01, 0.00000000e+00, 0.00000000e+00, 0.00000000e+00, -8.48063647e-01, -2.60721569e-01, -3.68875761e+00, 0.00000000e+00, -4.72203082e+00, 0.00000000e+00, 0.00000000e+00, -2.91639480e+00, -3.67029971e-01, -3.76002410e-01, 2.56349463e+00, 0.00000000e+00, 8.0000000000, 4.0000000000, 0.5579373865
         121, -3.19725043e+00, 6.55802442e-01, 0.00000000e+00, 0.00000000e+00, 0.00000000e+00, -7.69342558e-01, -2.50883885e-01, -3.25415802e+00, 0.00000000e+00, -4.87532559e+00, 0.00000000e+00, 0.00000000e+00, -2.89930690e+00, -3.86010909e-01, -3.98196791e-01, 2.58069531e+00, 0.00000000e+00, 8.0000000000, 4.0000000000, 0.5608035255
         122, -2.77297783e+00, 5.45640872e-01, 0.00000000e+00, 0.00000000e+00, 0.00000000e+00, -6.88539001e-01, -2.39832607e-01, -2.81595638e+00, 0.00000000e+00, -5.08205667e+00, 0.00000000e+00, 0.00000000e+00, -2.88405139e+00, -4.06407029e-01, -4.20436662e-01, 2.59607585e+00, 0.00000000e+00, 8.0000000000, 4.0000000000, 0.5653364686
         123, -2.34711668e+00, 4.35958089e-01, 0.00000000e+00, 0.00000000e+00, 0.00000000e+00, -6.05879398e-01, -2.27883223e-01, -2.37635970e+00, 0.00000000e+00, -5.38381266e+00, 0.00000000e+00, 0.00000000e+00, -2.87090472e+00, -4.27550351e-01, -4.41374765e-01, 2.60936171e+00, 0.00000000e+00, 8.0000000000, 4.0000000000, 0.5685334877
         124, -1.92182617e+00, 3.27013044e-01, 0.00000000e+00, 0.00000000e+00, 0.00000000e+00, -5.21557458e-01, -2.15381971e-01, -1.93751489e+00, 0.00000000e+00, -5.87690982e+00, 0.00000000e+00, 0.00000000e+00, -2.86008008e+00, -4.48503243e-01, -4.59340299e-01, 2.62033989e+00, 0.00000000e+00, 8.0000000000, 4.0000000000, 0.5800111915
         125, -1.49921588e+00, 2.19026432e-01, 0.00000000e+00, 0.00000000e+00, 0.00000000e+00, -4.35741635e-01, -2.02698181e-01, -1.50151067e+00, 0.00000000e+00, -6.84490847e+00, 0.00000000e+00, 0.00000000e+00, -2.85174496e+00, -4.68042316e-01, -4.72531531e-01, 2.62884206e+00, 0.00000000e+00, 8.0000000000, 4.0000000000, 0.5854032197
         126, -1.08134519e+00, 1.12189705e-01, 0.00000000e+00, 0.00000000e+00, 0.00000000e+00, -3.48584008e-01, -1.90215463e-01, -1.07037939e+00, 0.00000000e+00, -9.63854208e+00, 0.00000000e+00, 0.00000000e+00, -2.84603466e+00, -4.84720430e-01, -4.79390512e-01, 2.63473155e+00, 0.00000000e+00, 8.0000000000, 4.0000000000, 0.5964702833
         127, -6.70221953e-01, 6.67499374e-03, 0.00000000e+00, 0.00000000e+00, 0.00000000e+00, -2.60230365e-01, -1.78321791e-01, -6.46098569e-01, 0.00000000e+00, -1.00407877e+02, 0.00000000e+00, 0.00000000e+00, -2.84306228e+00, -4.97050706e-01, -4.79058546e-01, 2.63789363e+00, 0.00000000e+00, 8.0000000000, 4.0000000000, 0.5997486400
         128, -2.67800479e-01, -9.73544391e-02, 0.00000000e+00, 0.00000000e+00, 0.00000000e+00, -1.70830928e-01, -1.67398909e-01, -2.30591822e-01, 0.00000000e+00, 2.75077830e+00, 0.00000000e+00, 0.00000000e+00, -2.84292593e+00, -5.03812377e-01, -4.71679052e-01, 2.63822838e+00, 0.00000000e+00, 8.0000000000, 4.0000000000, 0.6058039380
         129, 1.24021009e-01, -1.99733626e-01, 0.00000000e+00, 0.00000000e+00, 0.00000000e+00, -8.05513285e-02, -1.57811461e-01, 1.74270694e-01, 0.00000000e+00, -6.20932047e-01, 0.00000000e+00, 0.00000000e+00, -2.84571348e+00, -5.04386575e-01, -4.58350369e-01, 2.63564590e+00, 0.00000000e+00, 8.0000000000, 4.0000000000, 0.6081998868
         130, 5.03403512e-01, -3.00285594e-01, 0.00000000e+00, 0.00000000e+00, 0.00000000e+00, 1.04167145e-02, -1.49896226e-01, 5.66672441e-01, 0.00000000e+00, -1.67641579e+00, 0.00000000e+00, 0.00000000e+00, -2.85150543e+00, -4.98957189e-01, -4.40760562e-01, 2.63006321e+00, 0.00000000e+00, 8.0000000000, 4.0000000000, 0.6124703199
         131, 8.68571254e-01, -3.98811873e-01, 0.00000000e+00, 0.00000000e+00, 0.00000000e+00, 1.01845526e-01, -1.43951893e-01, 9.44851727e-01, 0.00000000e+00, -2.17789718e+00, 0.00000000e+00, 0.00000000e+00, -2.86037597e+00, -4.88456640e-01, -4.20732418e-01, 2.62140290e+00, 0.00000000e+00, 8.0000000000, 4.0000000000, 0.6141367860
         132, 1.21781629e+00, -4.95083946e-01, 0.00000000e+00, 0.00000000e+00, 0.00000000e+00, 1.93462734e-01, -1.40229573e-01, 1.30710378e+00, 0.00000000e+00, -2.45981776e+00, 0.00000000e+00, 0.00000000e+00, -2.87239198e+00, -4.74290016e-01, -3.99888703e-01, 2.60959363e+00, 0.00000000e+00, 8.0000000000, 4.0000000000, 0.6162779833
         133, 1.54950386e+00, -5.88836015e-01, 0.00000000e+00, 0.00000000e+00, 0.00000000e+00, 2.84944016e-01, -1.38924358e-01, 1.65178391e+00, 0.00000000e+00, -2.63146925e+00, 0.00000000e+00, 0.00000000e+00, -2.88760950e+00, -4.57993335e-01, -3.79501824e-01, 2.59457304e+00, 0.00000000e+00, 8.0000000000, 4.0000000000, 0.6176775774
         134, 1.86207825e+00, -6.79759247e-01, 0.00000000e+00, 0.00000000e+00, 0.00000000e+00, 3.75907737e-01, -1.40168201e-01, 1.97731154e+00, 0.00000000e+00, -2.73932022e+00, 0.00000000e+00, 0.00000000e+00, -2.90606634e+00, -4.40970950e-01, -3.60482191e-01, 2.57629402e+00, 0.00000000e+00, 8.0000000000, 4.0000000000, 0.6213361634
         135, 2.15406883e+00, -7.67497867e-01, 0.00000000e+00, 0.00000000e+00, 0.00000000e+00, 4.65911648e-01, -1.44024464e-01, 2.28217494e+00, 0.00000000e+00, -2.80661214e+00, 0.00000000e+00, 0.00000000e+00, -2.92776923e+00, -4.24363807e-01, -3.43434305e-01, 2.55473633e+00, 0.00000000e+00, 8.0000000000, 4.0000000000, 0.6249367194
         136, 2.42409652e+00, -8.51647321e-01, 0.00000000e+00, 0.00000000e+00, 0.00000000e+00, 5.54452039e-01, -1.50484393e-01, 2.56493695e+00, 0.00000000e+00, -2.84636194e+00, 0.00000000e+00, 0.00000000e+00, -2.95267222e+00, -4.09024196e-01, -3.28730139e-01, 2.52992619e+00, 0.00000000e+00, 8.0000000000, 4.0000000000, 0.6274789521
         137, 2.67088006e+00, -9.31754583e-01, 0.00000000e+00, 0.00000000e+00, 0.00000000e+00, 6.40965272e-01, -1.59465673e-01, 2.82424107e+00, 0.00000000e+00, -2.86650596e+00, 0.00000000e+00, 0.00000000e+00, -2.98064186e+00, -3.95549247e-01, -3.16575355e-01, 2.50196870e+00, 0.00000000e+00, 8.0000000000, 4.0000000000, 0.6336014637
         138, 2.89324241e+00, -1.00732044e+00, 0.00000000e+00, 0.00000000e+00, 0.00000000e+00, 7.24831631e-01, -1.70812862e-01, 3.05881825e+00, 0.00000000e+00, -2.87221654e+00, 0.00000000e+00, 0.00000000e+00, -3.01140280e+00, -3.84334776e-01, -3.07060654e-01, 2.47109936e+00, 0.00000000e+00, 8.0000000000, 4.0000000000, 0.6366100408
         139, 3.09011681e+00, -1.07780366e+00, 0.00000000e+00, 0.00000000e+00, 0.00000000e+00, 8.05381386e-01, -1.84299750e-01, 3.26749387e+00, 0.00000000e+00, -2.86704983e+00, 0.00000000e+00, 0.00000000e+00, -3.04445662e+00, -3.75628151e-01, -3.00198616e-01, 2.43776287e+00, 0.00000000e+00, 8.0000000000, 4.0000000000, 0.6390789510
         140, 3.26055232e+00, -1.14262710e+00, 0.00000000e+00, 0.00000000e+00, 0.00000000e+00, 8.81902881e-01, -1.99633648e-01, 3.44919477e+00, 0.00000000e+00, -2.85355766e+00, 0.00000000e+00, 0.00000000e+00, -3.07896959e+00, -3.69571750e-01, -2.95948958e-01, 2.40272595e+00, 0.00000000e+00, 8.0000000000, 4.0000000000, 0.6454750992
         141, 3.40371914e+00, -1.20118538e+00, 0.00000000e+00, 0.00000000e+00, 0.00000000e+00, 9.53652657e-01, -2.16461355e-01, 3.60295640e+00, 0.00000000e+00, -2.83363350e+00, 0.00000000e+00, 0.00000000e+00, -3.11363950e+00, -3.66235736e-01, -2.94235363e-01, 2.36721919e+00, 0.00000000e+00, 8.0000000000, 4.0000000000, 0.6508000724
         142, 3.51891358e+00, -1.25285420e+00, 0.00000000e+00, 0.00000000e+00, 0.00000000e+00, 1.01986710e+00, -2.34376722e-01, 3.72793025e+00, 0.00000000e+00, -2.80871754e+00, 0.00000000e+00, 0.00000000e+00, -3.14658770e+00, -3.65641209e-01, -2.94956569e-01, 2.33307014e+00, 0.00000000e+00, 8.0000000000, 4.0000000000, 0.6548036181
         143, 3.60556272e+00, -1.29700093e+00, 0.00000000e+00, 0.00000000e+00, 0.00000000e+00, 1.07977531e+00, -2.52929540e-01, 3.82339124e+00, 0.00000000e+00, -2.77992300e+00, 0.00000000e+00, 0.00000000e+00, -3.17538565e+00, -3.67775916e-01, -2.97993661e-01, 2.30272376e+00, 0.00000000e+00, 8.0000000000, 4.0000000000, 0.6626102617
         144, 3.66322891e+00, -1.33299609e+00, 0.00000000e+00, 0.00000000e+00, 0.00000000e+00, 1.13261300e+00, -2.71635357e-01, 3.88874515e+00, 0.00000000e+00, -2.74811676e+00, 0.00000000e+00, 0.00000000e+00, -3.19737352e+00, -3.72604256e-01, -3.03215058e-01, 2.27897828e+00, 0.00000000e+00, 8.0000000000, 4.0000000000, 0.6646757648
         145, 3.69161374e+00, -1.36022553e+00, 0.00000000e+00, 0.00000000e+00, 0.00000000e+00, 1.17763675e+00, -2.89986051e-01, 3.92353586e+00, 0.00000000e+00, -2.71397181e+00, 0.00000000e+00, 0.00000000e+00, -3.21034081e+00, -3.80073159e-01, -3.10480210e-01, 2.26431562e+00, 0.00000000e+00, 8.0000000000, 4.0000000000, 0.6671446283
         146, 3.69056179e+00, -1.37810282e+00, 0.00000000e+00, 0.00000000e+00, 0.00000000e+00, 1.21413838e+00, -3.07460762e-01, 3.92745230e+00, 0.00000000e+00, -2.67800177e+00, 0.00000000e+00, 0.00000000e+00, -3.21332756e+00, -3.90114648e-01, -3.19642606e-01, 2.26001374e+00, 0.00000000e+00, 8.0000000000, 4.0000000000, 0.6696032961
         147, 3.66006468e+00, -1.38608218e+00, 0.00000000e+00, 0.00000000e+00, 0.00000000e+00, 1.24145947e+00, -3.23537154e-01, 3.90033601e+00, 0.00000000e+00, -2.64058274e+00, 0.00000000e+00, 0.00000000e+00, -3.20701769e+00, -4.02645660e-01, -3.30552602e-01, 2.26560397e+00, 0.00000000e+00, 8.0000000000, 4.0000000000, 0.6724029363
         148, 3.60026384e+00, -1.38367051e+00, 0.00000000e+00, 0.00000000e+00, 0.00000000e+00, 1.25900470e+00, -3.37702253e-01, 3.84218701e+00, 0.00000000e+00, -2.60196616e+00, 0.00000000e+00, 0.00000000e+00, -3.19340565e+00, -4.17565268e-01, -3.43060198e-01, 2.27911708e+00, 0.00000000e+00, 8.0000000000, 4.0000000000, 0.6755385316
         149, 3.51145323e+00, -1.37043917e+00, 0.00000000e+00, 0.00000000e+00, 0.00000000e+00, 1.26625435e+00, -3.49462998e-01, 3.75316971e+00, 0.00000000e+00, -2.56228318e+00, 0.00000000e+00, 0.00000000e+00, -3.17501017e+00, -4.34749208e-01, -3.57017727e-01, 2.29790805e+00, 0.00000000e+00, 8.0000000000, 4.0000000000, 0.6798773429
         150, 3.39408179e+00, -1.34603501e+00, 0.00000000e+00, 0.00000000e+00, 0.00000000e+00, 1.26277578e+00, -3.58356165e-01, 3.63361835e+00, 0.00000000e+00, -2.52154050e+00, 0.00000000e+00, 0.00000000e+00, -3.15416966e+00, -4.54041244e-01, -3.72282193e-01, 2.31945906e+00, 0.00000000e+00, 8.0000000000, 4.0000000000, 0.6849377581
         151, 3.24875542e+00, -1.31019056e+00, 0.00000000e+00, 0.00000000e+00, 0.00000000e+00, 1.24823343e+00, -3.63957647e-01, 3.48404161e+00, 0.00000000e+00, -2.47960527e+00, 0.00000000e+00, 0.00000000e+00, -3.13269355e+00, -4.75240774e-01, -3.88716786e-01, 2.34180139e+00, 0.00000000e+00, 8.0000000000, 4.0000000000, 0.6885372100
         152, 3.07623853e+00, -1.26273317e+00, 0.00000000e+00, 0.00000000e+00, 0.00000000e+00, 1.22239737e+00, -3.65890778e-01, 3.30512670e+00, 0.00000000e+00, -2.43617463e+00, 0.00000000e+00, 0.00000000e+00, -3.11181851e+00, -4.98086037e-01, -4.06190793e-01, 2.36358520e+00, 0.00000000e+00, 8.0000000000, 4.0000000000, 0.6974140222
         153, 2.87745479e+00, -1.20359275e+00, 0.00000000e+00, 0.00000000e+00, 0.00000000e+00, 1.18515004e+00, -3.63833574e-01, 3.09774220e+00, 0.00000000e+00, -2.39072128e+00, 0.00000000e+00, 0.00000000e+00, -3.09231172e+00, -5.22232540e-01, -4.24577114e-01, 2.38397315e+00, 0.00000000e+00, 8.0000000000, 4.0000000000, 0.7036686596
         154, 2.65348706e+00, -1.13280812e+00, 0.00000000e+00, 0.00000000e+00, 0.00000000e+00, 1.13649110e+00, -3.57524899e-01, 2.86293971e+00, 0.00000000e+00, -2.34239763e+00, 0.00000000e+00, 0.00000000e+00, -3.07460598e+00, -5.47227623e-01, -4.43746392e-01, 2.40249313e+00, 0.00000000e+00, 8.0000000000, 4.0000000000, 0.7048768387
         155, 2.40557626e+00, -1.05053182e+00, 0.00000000e+00, 0.00000000e+00, 0.00000000e+00, 1.07654039e+00, -3.46769317e-01, 2.60195413e+00, 0.00000000e+00, -2.28986521e+00, 0.00000000e+00, 0.00000000e+00, -3.05891578e+00, -5.72483985e-01, -4.63556887e-01, 2.41891089e+00, 0.00000000e+00, 8.0000000000, 4.0000000000, 0.7096103450
         156, 2.13511931e+00, -9.57033295e-01, 0.00000000e+00, 0.00000000e+00, 0.00000000e+00, 1.00553932e+00, -3.31440807e-01, 2.31620254e+00, 0.00000000e+00, -2.23097704e+00, 0.00000000e+00, 0.00000000e+00, -3.04532216e+00, -5.97259533e-01, -4.83839569e-01, 2.43313718e+00, 0.00000000e+00, 8.0000000000, 4.0000000000, 0.7114141998
         157, 1.84366539e+00, -8.52700730e-01, 0.00000000e+00, 0.00000000e+00, 0.00000000e+00, 9.23849936e-01, -3.11485497e-01, 2.00728109e+00, 0.00000000e+00, -2.16214825e+00, 0.00000000e+00, 0.00000000e+00, -3.03382974e+00, -6.20656255e-01, -5.04378356e-01, 2.44516583e+00, 0.00000000e+00, 8.0000000000, 4.0000000000, 0.7156704305
         158, 1.53291122e+00, -7.38041010e-01, 0.00000000e+00, 0.00000000e+00, 0.00000000e+00, 8.31952693e-01, -2.86922957e-01, 1.67696051e+00, 0.00000000e+00, -2.07700006e+00, 0.00000000e+00, 0.00000000e+00, -3.02440322e+00, -6.41655992e-01, -5.24886626e-01, 2.45503442e+00, 0.00000000e+00, 8.0000000000, 4.0000000000, 0.7192015845
         159, 1.20469485e+00, -6.13678225e-01, 0.00000000e+00, 0.00000000e+00, 0.00000000e+00, 7.30442457e-01, -2.57846467e-01, 1.32717966e+00, 0.00000000e+00, -1.96307251e+00, 0.00000000e+00, 0.00000000e+00, -3.01698966e+00, -6.59209749e-01, -5.44983046e-01, 2.46280038e+00, 0.00000000e+00, 8.0000000000, 4.0000000000, 0.7215336826
         160, 8.60987642e-01, -4.80350339e-01, 0.00000000e+00, 0.00000000e+00, 0.00000000e+00, 6.20022898e-01, -2.24422024e-01, 9.60036938e-01, 0.00000000e+00, -1.79241602e+00, 0.00000000e+00, 0.00000000e+00, -3.01153154e+00, -6.72382705e-01, -5.64172393e-01, 2.46852715e+00, 0.00000000e+00, 8.0000000000, 4.0000000000, 0.7240667850
         161, 5.03884631e-01, -3.38904309e-01, 0.00000000e+00, 0.00000000e+00, 0.00000000e+00, 5.01499426e-01, -1.86886304e-01, 5.77779682e-01, 0.00000000e+00, -1.48680503e+00, 0.00000000e+00, 0.00000000e+00, -3.00797364e+00, -6.80526466e-01, -5.81840750e-01, 2.47227674e+00, 0.00000000e+00, 8.0000000000, 4.0000000000, 0.7275370667
         162, 1.35593044e-01, -1.90289671e-01, 0.00000000e+00, 0.00000000e+00, 0.00000000e+00, 3.75770728e-01, -1.45543663e-01, 1.82791341e-01, 0.00000000e+00, -7.12561244e-01, 0.00000000e+00, 0.00000000e+00, -3.00626607e+00, -6.83419783e-01, -5.97277224e-01, 2.47410637e+00, 0.00000000e+00, 8.0000000000, 4.0000000000, 0.7322034824
         163, -2.41581309e-01, -3.55503728e-02, 0.00000000e+00, 0.00000000e+00, 0.00000000e+00, 2.43818892e-01, -1.00762045e-01, -2.22423848e-01, 0.00000000e+00, 6.79546486e+00, 0.00000000e+00, 0.00000000e+00, -3.00636494e+00, -6.81315314e-01, -6.09733309e-01, 2.47406753e+00, 0.00000000e+00, 8.0000000000, 4.0000000000, 0.7344081884
         164, -6.25249522e-01, 1.24184821e-01, 0.00000000e+00, 0.00000000e+00, 0.00000000e+00, 1.06698460e-01, -5.29680131e-02, -6.35258392e-01, 0.00000000e+00, -5.03483047e+00, 0.00000000e+00, 0.00000000e+00, -3.00823141e+00, -6.74868726e-01, -6.18522161e-01, 2.47220670e+00, 0.00000000e+00, 8.0000000000, 4.0000000000, 0.7386695375
         165, -1.01295665e+00, 2.87713208e-01, 0.00000000e+00, 0.00000000e+00, 0.00000000e+00, -3.44753753e-02, -2.64100639e-03, -1.05302094e+00, 0.00000000e+00, -3.52071654e+00, 0.00000000e+00, 0.00000000e+00, -3.01182985e+00, -6.64984465e-01, -6.23141904e-01, 2.46856688e+00, 0.00000000e+00, 8.0000000000, 4.0000000000, 0.7416749627
         166, -1.40220036e+00, 4.53770193e-01, 0.00000000e+00, 0.00000000e+00, 0.00000000e+00, -1.78539296e-01, 4.96931060e-02, -1.47295751e+00, 0.00000000e+00, -3.09011121e+00, 0.00000000e+00, 0.00000000e+00, -3.01712556e+00, -6.52642845e-01, -6.23386763e-01, 2.46318963e+00, 0.00000000e+00, 8.0000000000, 4.0000000000, 0.7450705139
