TITLE = "Visualization of the surface solution"
VARIABLES = "x""y""Conservative_1""Conservative_2""Conservative_3""Conservative_4""Pressure""Temperature""C<sub>p</sub>""Mach""<greek>m</greek>""C<sub>f</sub>_x""C<sub>f</sub>_y""h""y<sup>+</sup>"
ZONE NODES= 200, ELEMENTS= 200, DATAPACKING=POINT, ZONETYPE=FELINESEG
3.124498e-03	-4.958983e-02	1.207219e-01	6.672237e+00	-1.384689e+01	2.631989e+04	1.013655e+04	2.925058e+02	-9.319682e+00	3.713544e-01	1.810238e-05	0.000000e+00	0.000000e+00	0.000000e+00	0.000000e+00	
2.537646e-03	-4.826432e-02	1.204081e-01	6.006244e+00	-1.440115e+01	2.626213e+04	1.010045e+04	2.922237e+02	-9.664613e+00	3.781455e-01	1.808886e-05	0.000000e+00	0.000000e+00	0.000000e+00	0.000000e+00	
2.003081e-03	-4.692571e-02	1.207562e-01	5.223952e+00	-1.467558e+01	2.633677e+04	1.013281e+04	2.923146e+02	-9.355475e+00	3.763722e-01	1.809322e-05	0.000000e+00	0.000000e+00	0.000000e+00	0.000000e+00	
9.997621e-01	-1.104662e-03	1.313474e-01	6.253747e+00	1.885233e+00	2.833325e+04	1.126834e+04	2.988605e+02	1.493592e+00	1.434906e-01	1.840520e-05	0.000000e+00	0.000000e+00	0.000000e+00	0.000000e+00	
1.000000e+00	-1.000000e-03	1.144438e-01	-1.999238e+00	5.811437e+00	2.469430e+04	9.811716e+03	2.986641e+02	-1.242322e+01	1.550028e-01	1.839588e-05	0.000000e+00	0.000000e+00	0.000000e+00	0.000000e+00	
4.487486e-03	-5.228093e-02	1.212057e-01	7.269528e+00	-1.329912e+01	2.641497e+04	1.018694e+04	2.927866e+02	-8.838245e+00	3.645398e-01	1.811583e-05	0.000000e+00	0.000000e+00	0.000000e+00	0.000000e+00	
6.075662e-03	-5.497537e-02	1.212499e-01	7.985065e+00	-1.269824e+01	2.641826e+04	1.019616e+04	2.929446e+02	-8.750187e+00	3.605575e-01	1.812339e-05	0.000000e+00	0.000000e+00	0.000000e+00	0.000000e+00	
1.078855e-03	-4.412468e-02	1.206155e-01	4.144490e+00	-1.487356e+01	2.630320e+04	1.012597e+04	2.924585e+02	-9.420742e+00	3.733954e-01	1.810011e-05	0.000000e+00	0.000000e+00	0.000000e+00	0.000000e+00	
9.990485e-01	-1.418680e-03	1.279095e-01	3.668122e+00	1.834546e+00	2.756836e+04	1.100104e+04	2.996134e+02	-1.060184e+00	9.240370e-02	1.844087e-05	0.000000e+00	0.000000e+00	0.000000e+00	0.000000e+00	
1.000000e+00	0.000000e+00	2.432958e-01	1.945831e+01	1.036683e+02	5.890179e+04	1.441486e+04	2.063983e+02	3.155604e+01	1.505317e+00	1.364626e-05	0.000000e+00	0.000000e+00	0.000000e+00	0.000000e+00	
7.917903e-03	-5.772272e-02	1.215517e-01	8.562192e+00	-1.205892e+01	2.647467e+04	1.022997e+04	2.931864e+02	-8.427109e+00	3.544631e-01	1.813496e-05	0.000000e+00	0.000000e+00	0.000000e+00	0.000000e+00	
1.006240e-02	-6.057553e-02	1.218293e-01	9.045262e+00	-1.142421e+01	2.652584e+04	1.026177e+04	2.934275e+02	-8.123331e+00	3.483004e-01	1.814650e-05	0.000000e+00	0.000000e+00	0.000000e+00	0.000000e+00	
1.251909e-02	-6.352182e-02	1.220974e-01	9.454245e+00	-1.080440e+01	2.657529e+04	1.029249e+04	2.936595e+02	-7.829842e+00	3.422791e-01	1.815759e-05	0.000000e+00	0.000000e+00	0.000000e+00	0.000000e+00	
1.529738e-02	-6.654752e-02	1.223529e-01	9.803097e+00	-1.018392e+01	2.662198e+04	1.032218e+04	2.938918e+02	-7.546190e+00	3.361670e-01	1.816870e-05	0.000000e+00	0.000000e+00	0.000000e+00	0.000000e+00	
1.843145e-02	-6.965269e-02	1.226145e-01	1.008474e+01	-9.549221e+00	2.666937e+04	1.035312e+04	2.941438e+02	-7.250530e+00	3.294457e-01	1.818074e-05	0.000000e+00	0.000000e+00	0.000000e+00	0.000000e+00	
2.196161e-02	-7.284655e-02	1.229060e-01	1.028100e+01	-8.928031e+00	2.672258e+04	1.038732e+04	2.944155e+02	-6.923766e+00	3.220792e-01	1.819372e-05	0.000000e+00	0.000000e+00	0.000000e+00	0.000000e+00	
2.590787e-02	-7.613512e-02	1.232065e-01	1.041207e+01	-8.362143e+00	2.677827e+04	1.042181e+04	2.946727e+02	-6.594232e+00	3.149690e-01	1.820599e-05	0.000000e+00	0.000000e+00	0.000000e+00	0.000000e+00	
3.032086e-02	-7.955245e-02	1.234676e-01	1.051164e+01	-7.847284e+00	2.682653e+04	1.045188e+04	2.948980e+02	-6.306999e+00	3.086176e-01	1.821674e-05	0.000000e+00	0.000000e+00	0.000000e+00	0.000000e+00	
3.519676e-02	-8.306270e-02	1.236897e-01	1.059602e+01	-7.352737e+00	2.686715e+04	1.047790e+04	2.951012e+02	-6.058388e+00	3.027809e-01	1.822644e-05	0.000000e+00	0.000000e+00	0.000000e+00	0.000000e+00	
4.055945e-02	-8.665100e-02	1.239038e-01	1.065578e+01	-6.873501e+00	2.690630e+04	1.050298e+04	2.952966e+02	-5.818762e+00	2.970762e-01	1.823575e-05	0.000000e+00	0.000000e+00	0.000000e+00	0.000000e+00	
4.640551e-02	-9.028757e-02	1.241106e-01	1.069066e+01	-6.414410e+00	2.694420e+04	1.052720e+04	2.954842e+02	-5.587353e+00	2.915072e-01	1.824470e-05	0.000000e+00	0.000000e+00	0.000000e+00	0.000000e+00	
5.272092e-02	-9.394296e-02	1.243081e-01	1.070106e+01	-5.976878e+00	2.698032e+04	1.055041e+04	2.956653e+02	-5.365556e+00	2.860475e-01	1.825333e-05	0.000000e+00	0.000000e+00	0.000000e+00	0.000000e+00	
5.950360e-02	-9.759851e-02	1.244985e-01	1.068885e+01	-5.561460e+00	2.701514e+04	1.057283e+04	2.958403e+02	-5.151411e+00	2.806815e-01	1.826167e-05	0.000000e+00	0.000000e+00	0.000000e+00	0.000000e+00	
4.060150e-04	-4.120091e-02	1.207492e-01	2.563998e+00	-1.519811e+01	2.633191e+04	1.013929e+04	2.925188e+02	-9.293475e+00	3.722833e-01	1.810300e-05	0.000000e+00	0.000000e+00	0.000000e+00	0.000000e+00	
6.675311e-02	-1.012396e-01	1.246821e-01	1.065429e+01	-5.171599e+00	2.704868e+04	1.059448e+04	2.960098e+02	-4.944504e+00	2.753974e-01	1.826974e-05	0.000000e+00	0.000000e+00	0.000000e+00	0.000000e+00	
9.978687e-01	-1.937886e-03	1.289928e-01	3.018141e+00	1.371023e+00	2.779743e+04	1.110194e+04	2.998221e+02	-9.622310e-02	7.403389e-02	1.845075e-05	0.000000e+00	0.000000e+00	0.000000e+00	0.000000e+00	
9.999629e-01	-1.365583e-05	1.791709e-01	8.437671e+00	-2.506996e+01	3.913021e+04	1.487104e+04	2.891374e+02	3.591452e+01	4.330984e-01	1.794058e-05	0.000000e+00	0.000000e+00	0.000000e+00	0.000000e+00	
3.518009e-05	-3.808492e-02	1.211642e-01	7.468343e-01	-1.513807e+01	2.641241e+04	1.018578e+04	2.928535e+02	-8.849355e+00	3.646280e-01	1.811903e-05	0.000000e+00	0.000000e+00	0.000000e+00	0.000000e+00	
7.446654e-02	-1.048583e-01	1.248602e-01	1.060315e+01	-4.815570e+00	2.708141e+04	1.061534e+04	2.961694e+02	-4.745283e+00	2.703419e-01	1.827734e-05	0.000000e+00	0.000000e+00	0.000000e+00	0.000000e+00	
9.962132e-01	-2.666479e-03	1.288557e-01	2.512707e+00	1.134338e+00	2.776660e+04	1.109484e+04	2.999493e+02	-1.639819e-01	6.162293e-02	1.845677e-05	0.000000e+00	0.000000e+00	0.000000e+00	0.000000e+00	
9.987533e-01	-4.591655e-04	1.267650e-01	3.730078e+00	1.843931e+00	2.739335e+04	1.093002e+04	3.003670e+02	-1.738699e+00	9.447546e-02	1.847652e-05	0.000000e+00	0.000000e+00	0.000000e+00	0.000000e+00	
6.353361e-05	-3.468782e-02	1.220370e-01	-1.228070e+00	-1.450695e+01	2.657943e+04	1.028440e+04	2.935742e+02	-7.907091e+00	3.473180e-01	1.815351e-05	0.000000e+00	0.000000e+00	0.000000e+00	0.000000e+00	
8.264737e-02	-1.084555e-01	1.250229e-01	1.054449e+01	-4.490944e+00	2.711133e+04	1.063440e+04	2.963151e+02	-4.563116e+00	2.656487e-01	1.828428e-05	0.000000e+00	0.000000e+00	0.000000e+00	0.000000e+00	
9.940823e-01	-3.604519e-03	1.289604e-01	2.394239e+00	1.059300e+00	2.779125e+04	1.110587e+04	3.000037e+02	-5.864537e-02	5.846814e-02	1.845934e-05	0.000000e+00	0.000000e+00	0.000000e+00	0.000000e+00	
9.970564e-01	-1.085278e-03	1.304839e-01	2.592077e+00	9.755098e-01	2.818499e+04	1.126224e+04	3.006755e+02	1.435335e+00	6.105996e-02	1.849111e-05	0.000000e+00	0.000000e+00	0.000000e+00	0.000000e+00	
6.108891e-04	-3.099566e-02	1.231875e-01	-2.995100e+00	-1.328150e+01	2.679602e+04	1.041746e+04	2.945950e+02	-6.635870e+00	3.212108e-01	1.820228e-05	0.000000e+00	0.000000e+00	0.000000e+00	0.000000e+00	
1.772811e-03	-2.702932e-02	1.244080e-01	-4.362451e+00	-1.165107e+01	2.702366e+04	1.056064e+04	2.957143e+02	-5.267878e+00	2.900829e-01	1.825567e-05	0.000000e+00	0.000000e+00	0.000000e+00	0.000000e+00	
9.127835e-02	-1.120165e-01	1.251685e-01	1.048387e+01	-4.191223e+00	2.713804e+04	1.065152e+04	2.964470e+02	-4.399535e+00	2.613364e-01	1.829056e-05	0.000000e+00	0.000000e+00	0.000000e+00	0.000000e+00	
1.003586e-01	-1.155349e-01	1.253021e-01	1.042312e+01	-3.914873e+00	2.716262e+04	1.066718e+04	2.965662e+02	-4.249962e+00	2.573867e-01	1.829623e-05	0.000000e+00	0.000000e+00	0.000000e+00	0.000000e+00	
9.914854e-01	-4.747833e-03	1.289872e-01	2.426133e+00	1.068139e+00	2.780069e+04	1.110938e+04	3.000361e+02	-2.510686e-02	5.918397e-02	1.846087e-05	0.000000e+00	0.000000e+00	0.000000e+00	0.000000e+00	
9.948726e-01	-1.892806e-03	1.292699e-01	3.395262e+00	1.569660e+00	2.792935e+04	1.115009e+04	3.004772e+02	3.638711e-01	8.326882e-02	1.848173e-05	0.000000e+00	0.000000e+00	0.000000e+00	0.000000e+00	
9.884322e-01	-6.092221e-03	1.290117e-01	2.552585e+00	1.119482e+00	2.781065e+04	1.111222e+04	3.000558e+02	2.014997e-03	6.221594e-02	1.846180e-05	0.000000e+00	0.000000e+00	0.000000e+00	0.000000e+00	
9.849038e-01	-7.645992e-03	1.290238e-01	2.725870e+00	1.192357e+00	2.781838e+04	1.111363e+04	3.000658e+02	1.549241e-02	6.640426e-02	1.846228e-05	0.000000e+00	0.000000e+00	0.000000e+00	0.000000e+00	
9.809289e-01	-9.396493e-03	1.290277e-01	2.916039e+00	1.275872e+00	2.782430e+04	1.111402e+04	3.000672e+02	1.918983e-02	7.103757e-02	1.846234e-05	0.000000e+00	0.000000e+00	0.000000e+00	0.000000e+00	
3.645682e-03	-2.286167e-02	1.255923e-01	-5.300064e+00	-9.787761e+00	2.724392e+04	1.070028e+04	2.967990e+02	-3.933739e+00	2.566119e-01	1.830731e-05	0.000000e+00	0.000000e+00	0.000000e+00	0.000000e+00	
1.098763e-01	-1.190009e-01	1.254206e-01	1.036745e+01	-3.655056e+00	2.718445e+04	1.068108e+04	2.966719e+02	-4.117164e+00	2.538373e-01	1.830126e-05	0.000000e+00	0.000000e+00	0.000000e+00	0.000000e+00	
9.922119e-01	-2.878874e-03	1.295908e-01	3.479818e+00	1.255623e+00	2.799838e+04	1.117823e+04	3.004895e+02	6.327142e-01	8.214786e-02	1.848232e-05	0.000000e+00	0.000000e+00	0.000000e+00	0.000000e+00	
9.764884e-01	-1.135187e-02	1.290260e-01	3.107724e+00	1.360408e+00	2.782871e+04	1.111365e+04	3.000610e+02	1.565628e-02	7.571491e-02	1.846205e-05	0.000000e+00	0.000000e+00	0.000000e+00	0.000000e+00	
9.716110e-01	-1.349922e-02	1.290192e-01	3.291073e+00	1.441787e+00	2.783157e+04	1.111262e+04	3.000491e+02	5.829567e-03	8.019776e-02	1.846149e-05	0.000000e+00	0.000000e+00	0.000000e+00	0.000000e+00	
6.317071e-03	-1.862774e-02	1.266235e-01	-5.824368e+00	-7.822033e+00	2.743432e+04	1.082351e+04	2.977721e+02	-2.756389e+00	2.226395e-01	1.835355e-05	0.000000e+00	0.000000e+00	0.000000e+00	0.000000e+00	
1.198146e-01	-1.223935e-01	1.255264e-01	1.031571e+01	-3.403226e+00	2.720387e+04	1.069355e+04	2.967679e+02	-3.998044e+00	2.505767e-01	1.830583e-05	0.000000e+00	0.000000e+00	0.000000e+00	0.000000e+00	
1.301865e-01	-1.257005e-01	1.256264e-01	1.026217e+01	-3.155999e+00	2.722222e+04	1.070537e+04	2.968595e+02	-3.885080e+00	2.474328e-01	1.831018e-05	0.000000e+00	0.000000e+00	0.000000e+00	0.000000e+00	
9.662775e-01	-1.584644e-02	1.290080e-01	3.462320e+00	1.517664e+00	2.783309e+04	1.111108e+04	3.000336e+02	-8.864078e-03	8.438791e-02	1.846075e-05	0.000000e+00	0.000000e+00	0.000000e+00	0.000000e+00	
1.409639e-01	-1.288976e-01	1.257239e-01	1.020550e+01	-2.914808e+00	2.724015e+04	1.071686e+04	2.969477e+02	-3.775291e+00	2.443743e-01	1.831438e-05	0.000000e+00	0.000000e+00	0.000000e+00	0.000000e+00	
1.521370e-01	-1.319689e-01	1.258185e-01	1.014107e+01	-2.678388e+00	2.725747e+04	1.072811e+04	2.970360e+02	-3.667840e+00	2.412840e-01	1.831858e-05	0.000000e+00	0.000000e+00	0.000000e+00	0.000000e+00	
1.637051e-01	-1.349037e-01	1.259144e-01	1.007047e+01	-2.451568e+00	2.727515e+04	1.073943e+04	2.971229e+02	-3.559663e+00	2.382098e-01	1.832271e-05	0.000000e+00	0.000000e+00	0.000000e+00	0.000000e+00	
1.756580e-01	-1.376943e-01	1.260078e-01	9.992239e+00	-2.235508e+00	2.729232e+04	1.075052e+04	2.972093e+02	-3.453692e+00	2.351207e-01	1.832681e-05	0.000000e+00	0.000000e+00	0.000000e+00	0.000000e+00	
9.605069e-01	-1.838452e-02	1.289931e-01	3.621125e+00	1.587511e+00	2.783343e+04	1.110913e+04	3.000157e+02	-2.746731e-02	8.827346e-02	1.845990e-05	0.000000e+00	0.000000e+00	0.000000e+00	0.000000e+00	
1.879741e-01	-1.403337e-01	1.260998e-01	9.911401e+00	-2.033695e+00	2.730933e+04	1.076137e+04	2.972920e+02	-3.350075e+00	2.321320e-01	1.833075e-05	0.000000e+00	0.000000e+00	0.000000e+00	0.000000e+00	
2.006410e-01	-1.428206e-01	1.261860e-01	9.829948e+00	-1.845062e+00	2.732525e+04	1.077155e+04	2.973702e+02	-3.252743e+00	2.292772e-01	1.833446e-05	0.000000e+00	0.000000e+00	0.000000e+00	0.000000e+00	
2.136354e-01	-1.451515e-01	1.262664e-01	9.752488e+00	-1.666439e+00	2.734016e+04	1.078101e+04	2.974420e+02	-3.162364e+00	2.266351e-01	1.833787e-05	0.000000e+00	0.000000e+00	0.000000e+00	0.000000e+00	
2.269565e-01	-1.473174e-01	1.263386e-01	9.676063e+00	-1.490896e+00	2.735345e+04	1.078965e+04	2.975100e+02	-3.079883e+00	2.241084e-01	1.834110e-05	0.000000e+00	0.000000e+00	0.000000e+00	0.000000e+00	
2.405831e-01	-1.493046e-01	1.264097e-01	9.599816e+00	-1.318846e+00	2.736662e+04	1.079809e+04	2.975753e+02	-2.999208e+00	2.216641e-01	1.834421e-05	0.000000e+00	0.000000e+00	0.000000e+00	0.000000e+00	
2.545034e-01	-1.511019e-01	1.264777e-01	9.520906e+00	-1.148816e+00	2.737915e+04	1.080623e+04	2.976396e+02	-2.921422e+00	2.192345e-01	1.834726e-05	0.000000e+00	0.000000e+00	0.000000e+00	0.000000e+00	
2.687049e-01	-1.526987e-01	1.265461e-01	9.439954e+00	-9.824257e-01	2.739185e+04	1.081437e+04	2.977027e+02	-2.843638e+00	2.168303e-01	1.835026e-05	0.000000e+00	0.000000e+00	0.000000e+00	0.000000e+00	
2.831543e-01	-1.540837e-01	1.266127e-01	9.354629e+00	-8.185676e-01	2.740413e+04	1.082236e+04	2.977660e+02	-2.767304e+00	2.143972e-01	1.835327e-05	0.000000e+00	0.000000e+00	0.000000e+00	0.000000e+00	
2.978479e-01	-1.552495e-01	1.266807e-01	9.265082e+00	-6.587127e-01	2.741673e+04	1.083048e+04	2.978295e+02	-2.689740e+00	2.119342e-01	1.835628e-05	0.000000e+00	0.000000e+00	0.000000e+00	0.000000e+00	
3.127718e-01	-1.561892e-01	1.267483e-01	9.169648e+00	-5.035631e-01	2.742923e+04	1.083862e+04	2.978941e+02	-2.612017e+00	2.094037e-01	1.835935e-05	0.000000e+00	0.000000e+00	0.000000e+00	0.000000e+00	
3.278929e-01	-1.569001e-01	1.268179e-01	9.070160e+00	-3.561131e-01	2.744216e+04	1.084692e+04	2.979589e+02	-2.532675e+00	2.068435e-01	1.836242e-05	0.000000e+00	0.000000e+00	0.000000e+00	0.000000e+00	
3.431989e-01	-1.573841e-01	1.268863e-01	8.967445e+00	-2.165650e-01	2.745485e+04	1.085512e+04	2.980232e+02	-2.454392e+00	2.042710e-01	1.836548e-05	0.000000e+00	0.000000e+00	0.000000e+00	0.000000e+00	
3.586875e-01	-1.576445e-01	1.269543e-01	8.863024e+00	-8.554093e-02	2.746752e+04	1.086325e+04	2.980866e+02	-2.376719e+00	2.017133e-01	1.836849e-05	0.000000e+00	0.000000e+00	0.000000e+00	0.000000e+00	
3.743255e-01	-1.576853e-01	1.270201e-01	8.758634e+00	3.709272e-02	2.747977e+04	1.087112e+04	2.981482e+02	-2.301514e+00	1.992063e-01	1.837141e-05	0.000000e+00	0.000000e+00	0.000000e+00	0.000000e+00	
3.900895e-01	-1.575128e-01	1.270836e-01	8.655773e+00	1.512426e-01	2.749164e+04	1.087871e+04	2.982073e+02	-2.228978e+00	1.967772e-01	1.837421e-05	0.000000e+00	0.000000e+00	0.000000e+00	0.000000e+00	
9.542990e-01	-2.111257e-02	1.289748e-01	3.768869e+00	1.651802e+00	2.783271e+04	1.110683e+04	2.999959e+02	-4.948060e-02	9.188681e-02	1.845897e-05	0.000000e+00	0.000000e+00	0.000000e+00	0.000000e+00	
9.476630e-01	-2.402529e-02	1.289534e-01	3.908602e+00	1.711126e+00	2.783103e+04	1.110418e+04	2.999743e+02	-7.481227e-02	9.529569e-02	1.845795e-05	0.000000e+00	0.000000e+00	0.000000e+00	0.000000e+00	
4.059766e-01	-1.571341e-01	1.271435e-01	8.557479e+00	2.589038e-01	2.750291e+04	1.088586e+04	2.982627e+02	-2.160616e+00	1.944921e-01	1.837684e-05	0.000000e+00	0.000000e+00	0.000000e+00	0.000000e+00	
4.219629e-01	-1.565504e-01	1.271987e-01	8.463140e+00	3.648448e-01	2.751326e+04	1.089248e+04	2.983146e+02	-2.097425e+00	1.923384e-01	1.837930e-05	0.000000e+00	0.000000e+00	0.000000e+00	0.000000e+00	
9.406073e-01	-2.711568e-02	1.289291e-01	4.043212e+00	1.765229e+00	2.782852e+04	1.110122e+04	2.999506e+02	-1.031078e-01	9.855683e-02	1.845683e-05	0.000000e+00	0.000000e+00	0.000000e+00	0.000000e+00	
4.380248e-01	-1.557543e-01	1.272509e-01	8.370505e+00	4.719296e-01	2.752309e+04	1.089876e+04	2.983641e+02	-2.037366e+00	1.902645e-01	1.838166e-05	0.000000e+00	0.000000e+00	0.000000e+00	0.000000e+00	
4.541381e-01	-1.547384e-01	1.273025e-01	8.276670e+00	5.798866e-01	2.753281e+04	1.090497e+04	2.984130e+02	-1.978057e+00	1.882020e-01	1.838397e-05	0.000000e+00	0.000000e+00	0.000000e+00	0.000000e+00	
9.331391e-01	-3.037354e-02	1.289025e-01	4.174709e+00	1.813639e+00	2.782528e+04	1.109797e+04	2.999249e+02	-1.341231e-01	1.017073e-01	1.845561e-05	0.000000e+00	0.000000e+00	0.000000e+00	0.000000e+00	
9.252459e-01	-3.379500e-02	1.288735e-01	4.304220e+00	1.855896e+00	2.782138e+04	1.109445e+04	2.998974e+02	-1.676971e-01	1.047666e-01	1.845431e-05	0.000000e+00	0.000000e+00	0.000000e+00	0.000000e+00	
4.702995e-01	-1.534947e-01	1.273543e-01	8.179585e+00	6.885442e-01	2.754255e+04	1.091121e+04	2.984623e+02	-1.918481e+00	1.861047e-01	1.838631e-05	0.000000e+00	0.000000e+00	0.000000e+00	0.000000e+00	
4.864747e-01	-1.520179e-01	1.274070e-01	8.077769e+00	7.975756e-01	2.755247e+04	1.091756e+04	2.985127e+02	-1.857774e+00	1.839394e-01	1.838870e-05	0.000000e+00	0.000000e+00	0.000000e+00	0.000000e+00	
5.026498e-01	-1.503023e-01	1.274613e-01	7.968948e+00	9.054397e-01	2.756267e+04	1.092414e+04	2.985652e+02	-1.794938e+00	1.816518e-01	1.839119e-05	0.000000e+00	0.000000e+00	0.000000e+00	0.000000e+00	
5.188115e-01	-1.483469e-01	1.275189e-01	7.853572e+00	1.007637e+00	2.757350e+04	1.093107e+04	2.986198e+02	-1.728684e+00	1.792380e-01	1.839378e-05	0.000000e+00	0.000000e+00	0.000000e+00	0.000000e+00	
9.169520e-01	-3.735767e-02	1.288424e-01	4.432639e+00	1.891360e+00	2.781687e+04	1.109070e+04	2.998682e+02	-2.036029e-01	1.077482e-01	1.845292e-05	0.000000e+00	0.000000e+00	0.000000e+00	0.000000e+00	
9.082432e-01	-4.105338e-02	1.288095e-01	4.560243e+00	1.919108e+00	2.781186e+04	1.108674e+04	2.998376e+02	-2.414345e-01	1.106509e-01	1.845148e-05	0.000000e+00	0.000000e+00	0.000000e+00	0.000000e+00	
8.991326e-01	-4.485941e-02	1.287765e-01	4.686148e+00	1.938372e+00	2.780668e+04	1.108273e+04	2.998061e+02	-2.797076e-01	1.134506e-01	1.844999e-05	0.000000e+00	0.000000e+00	0.000000e+00	0.000000e+00	
8.896241e-01	-4.875727e-02	1.287436e-01	4.808119e+00	1.950584e+00	2.780139e+04	1.107873e+04	2.997746e+02	-3.179205e-01	1.161149e-01	1.844849e-05	0.000000e+00	0.000000e+00	0.000000e+00	0.000000e+00	
5.349280e-01	-1.461649e-01	1.275786e-01	7.733600e+00	1.101249e+00	2.758476e+04	1.093824e+04	2.986759e+02	-1.660161e+00	1.767315e-01	1.839644e-05	0.000000e+00	0.000000e+00	0.000000e+00	0.000000e+00	
5.509981e-01	-1.437683e-01	1.276383e-01	7.612232e+00	1.186100e+00	2.759604e+04	1.094541e+04	2.987318e+02	-1.591658e+00	1.742009e-01	1.839909e-05	0.000000e+00	0.000000e+00	0.000000e+00	0.000000e+00	
8.797148e-01	-5.273873e-02	1.287099e-01	4.925640e+00	1.958128e+00	2.779580e+04	1.107466e+04	2.997429e+02	-3.567920e-01	1.186557e-01	1.844699e-05	0.000000e+00	0.000000e+00	0.000000e+00	0.000000e+00	
8.694220e-01	-5.678918e-02	1.286760e-01	5.039892e+00	1.961811e+00	2.779006e+04	1.107056e+04	2.997109e+02	-3.959677e-01	1.211043e-01	1.844548e-05	0.000000e+00	0.000000e+00	0.000000e+00	0.000000e+00	
8.587630e-01	-6.089458e-02	1.286415e-01	5.151403e+00	1.962083e+00	2.778411e+04	1.106640e+04	2.996785e+02	-4.357330e-01	1.234765e-01	1.844395e-05	0.000000e+00	0.000000e+00	0.000000e+00	0.000000e+00	
5.669903e-01	-1.411740e-01	1.276971e-01	7.490051e+00	1.262741e+00	2.760714e+04	1.095249e+04	2.987874e+02	-1.524028e+00	1.716562e-01	1.840173e-05	0.000000e+00	0.000000e+00	0.000000e+00	0.000000e+00	
5.829036e-01	-1.383947e-01	1.277548e-01	7.369745e+00	1.331681e+00	2.761806e+04	1.095942e+04	2.988414e+02	-1.457845e+00	1.691542e-01	1.840429e-05	0.000000e+00	0.000000e+00	0.000000e+00	0.000000e+00	
5.987068e-01	-1.354490e-01	1.278106e-01	7.252008e+00	1.393559e+00	2.762864e+04	1.096612e+04	2.988937e+02	-1.393807e+00	1.667087e-01	1.840677e-05	0.000000e+00	0.000000e+00	0.000000e+00	0.000000e+00	
6.143888e-01	-1.323506e-01	1.278638e-01	7.138232e+00	1.451009e+00	2.763877e+04	1.097251e+04	2.989434e+02	-1.332756e+00	1.643584e-01	1.840912e-05	0.000000e+00	0.000000e+00	0.000000e+00	0.000000e+00	
6.299284e-01	-1.291086e-01	1.279141e-01	7.026240e+00	1.506100e+00	2.764833e+04	1.097860e+04	2.989914e+02	-1.274623e+00	1.620620e-01	1.841140e-05	0.000000e+00	0.000000e+00	0.000000e+00	0.000000e+00	
6.453142e-01	-1.257278e-01	1.279633e-01	6.915545e+00	1.559272e+00	2.765769e+04	1.098453e+04	2.990380e+02	-1.217944e+00	1.598074e-01	1.841361e-05	0.000000e+00	0.000000e+00	0.000000e+00	0.000000e+00	
6.605349e-01	-1.222138e-01	1.280114e-01	6.804708e+00	1.610146e+00	2.766685e+04	1.099034e+04	2.990838e+02	-1.162385e+00	1.575598e-01	1.841578e-05	0.000000e+00	0.000000e+00	0.000000e+00	0.000000e+00	
6.755695e-01	-1.185749e-01	1.280590e-01	6.694070e+00	1.658711e+00	2.767589e+04	1.099608e+04	2.991287e+02	-1.107627e+00	1.553251e-01	1.841791e-05	0.000000e+00	0.000000e+00	0.000000e+00	0.000000e+00	
8.477169e-01	-6.505584e-02	1.286064e-01	5.261107e+00	1.959436e+00	2.777795e+04	1.106216e+04	2.996455e+02	-4.762263e-01	1.257965e-01	1.844238e-05	0.000000e+00	0.000000e+00	0.000000e+00	0.000000e+00	
6.903975e-01	-1.148204e-01	1.281058e-01	6.582402e+00	1.704555e+00	2.768479e+04	1.100173e+04	2.991733e+02	-1.053570e+00	1.530733e-01	1.842002e-05	0.000000e+00	0.000000e+00	0.000000e+00	0.000000e+00	
7.050083e-01	-1.109575e-01	1.281523e-01	6.469817e+00	1.747300e+00	2.769361e+04	1.100735e+04	2.992174e+02	-9.998985e-01	1.508032e-01	1.842211e-05	0.000000e+00	0.000000e+00	0.000000e+00	0.000000e+00	
8.363209e-01	-6.925209e-02	1.285707e-01	5.369430e+00	1.954178e+00	2.777158e+04	1.105784e+04	2.996118e+02	-5.174781e-01	1.280763e-01	1.844079e-05	0.000000e+00	0.000000e+00	0.000000e+00	0.000000e+00	
8.245836e-01	-7.347400e-02	1.285343e-01	5.476729e+00	1.946776e+00	2.776504e+04	1.105345e+04	2.995773e+02	-5.595039e-01	1.303276e-01	1.843916e-05	0.000000e+00	0.000000e+00	0.000000e+00	0.000000e+00	
8.124942e-01	-7.771938e-02	1.284968e-01	5.583169e+00	1.937305e+00	2.775820e+04	1.104892e+04	2.995420e+02	-6.027370e-01	1.325555e-01	1.843749e-05	0.000000e+00	0.000000e+00	0.000000e+00	0.000000e+00	
8.000812e-01	-8.197252e-02	1.284581e-01	5.690156e+00	1.926124e+00	2.775107e+04	1.104424e+04	2.995055e+02	-6.474271e-01	1.347931e-01	1.843576e-05	0.000000e+00	0.000000e+00	0.000000e+00	0.000000e+00	
7.193922e-01	-1.069959e-01	1.281986e-01	6.356296e+00	1.785735e+00	2.770238e+04	1.101295e+04	2.992614e+02	-9.464450e-01	1.485056e-01	1.842419e-05	0.000000e+00	0.000000e+00	0.000000e+00	0.000000e+00	
7.335207e-01	-1.029536e-01	1.282444e-01	6.243047e+00	1.819412e+00	2.771106e+04	1.101848e+04	2.993046e+02	-8.935961e-01	1.462021e-01	1.842624e-05	0.000000e+00	0.000000e+00	0.000000e+00	0.000000e+00	
7.473954e-01	-9.884060e-02	1.282893e-01	6.130038e+00	1.848574e+00	2.771953e+04	1.102390e+04	2.993472e+02	-8.417511e-01	1.438919e-01	1.842826e-05	0.000000e+00	0.000000e+00	0.000000e+00	0.000000e+00	
7.610077e-01	-9.466979e-02	1.283334e-01	6.018266e+00	1.873757e+00	2.772782e+04	1.102921e+04	2.993885e+02	-7.910508e-01	1.415976e-01	1.843021e-05	0.000000e+00	0.000000e+00	0.000000e+00	0.000000e+00	
7.873537e-01	-8.622446e-02	1.284177e-01	5.797891e+00	1.912309e+00	2.774357e+04	1.103938e+04	2.994678e+02	-6.938918e-01	1.370393e-01	1.843397e-05	0.000000e+00	0.000000e+00	0.000000e+00	0.000000e+00	
7.743298e-01	-9.046006e-02	1.283762e-01	5.907531e+00	1.894830e+00	2.773584e+04	1.103437e+04	2.994287e+02	-7.417443e-01	1.393125e-01	1.843212e-05	0.000000e+00	0.000000e+00	0.000000e+00	0.000000e+00	
9.890844e-01	-4.040329e-03	1.295129e-01	3.560885e+00	1.331149e+00	2.798242e+04	1.117065e+04	3.004664e+02	5.602947e-01	8.446993e-02	1.848122e-05	0.000000e+00	0.000000e+00	0.000000e+00	0.000000e+00	
9.835138e-03	-1.455581e-02	1.275597e-01	-5.962764e+00	-5.804111e+00	2.760804e+04	1.093465e+04	2.986221e+02	-1.694496e+00	1.883053e-01	1.839389e-05	0.000000e+00	0.000000e+00	0.000000e+00	0.000000e+00	
9.854708e-01	-5.384376e-03	1.295256e-01	3.555688e+00	1.317567e+00	2.798482e+04	1.117172e+04	3.004658e+02	5.705410e-01	8.424827e-02	1.848119e-05	0.000000e+00	0.000000e+00	0.000000e+00	0.000000e+00	
1.424138e-02	-1.092213e-02	1.284238e-01	-5.614146e+00	-3.847041e+00	2.776987e+04	1.103581e+04	2.993569e+02	-7.279621e-01	1.527874e-01	1.842872e-05	0.000000e+00	0.000000e+00	0.000000e+00	0.000000e+00	
9.814000e-01	-6.899381e-03	1.295129e-01	3.553690e+00	1.322217e+00	2.798175e+04	1.117050e+04	3.004622e+02	5.588252e-01	8.425135e-02	1.848103e-05	0.000000e+00	0.000000e+00	0.000000e+00	0.000000e+00	
1.948044e-02	-7.946414e-03	1.290706e-01	-4.758840e+00	-2.284696e+00	2.788997e+04	1.111281e+04	2.999348e+02	7.666727e-03	1.178015e-01	1.845608e-05	0.000000e+00	0.000000e+00	0.000000e+00	0.000000e+00	
9.768522e-01	-8.590693e-03	1.295180e-01	3.542071e+00	1.315404e+00	2.798246e+04	1.117094e+04	3.004623e+02	5.630320e-01	8.395333e-02	1.848103e-05	0.000000e+00	0.000000e+00	0.000000e+00	0.000000e+00	
2.546083e-02	-5.538815e-03	1.294342e-01	-3.688805e+00	-1.294990e+00	2.795543e+04	1.115855e+04	3.003235e+02	4.447235e-01	8.694207e-02	1.847446e-05	0.000000e+00	0.000000e+00	0.000000e+00	0.000000e+00	
3.203755e-02	-3.565291e-03	1.296582e-01	-2.697453e+00	-6.996738e-01	2.799625e+04	1.118652e+04	3.005560e+02	7.119331e-01	6.184169e-02	1.848546e-05	0.000000e+00	0.000000e+00	0.000000e+00	0.000000e+00	
9.718555e-01	-1.044413e-02	1.295212e-01	3.522479e+00	1.303258e+00	2.798274e+04	1.117131e+04	3.004648e+02	5.666173e-01	8.344889e-02	1.848115e-05	0.000000e+00	0.000000e+00	0.000000e+00	0.000000e+00	
3.916171e-02	-2.022482e-03	1.297948e-01	-1.842549e+00	-3.335508e-01	2.802169e+04	1.120327e+04	3.006894e+02	8.719870e-01	4.150074e-02	1.849176e-05	0.000000e+00	0.000000e+00	0.000000e+00	0.000000e+00	
9.663888e-01	-1.246185e-02	1.295280e-01	3.494743e+00	1.284588e+00	2.798371e+04	1.117208e+04	3.004696e+02	5.739350e-01	8.272216e-02	1.848138e-05	0.000000e+00	0.000000e+00	0.000000e+00	0.000000e+00	
9.604691e-01	-1.462937e-02	1.295357e-01	3.461527e+00	1.260037e+00	2.798483e+04	1.117298e+04	3.004760e+02	5.825621e-01	8.183600e-02	1.848168e-05	0.000000e+00	0.000000e+00	0.000000e+00	0.000000e+00	
4.680418e-02	-9.201135e-04	1.298644e-01	-1.112450e+00	-1.266315e-01	2.803481e+04	1.121199e+04	3.007621e+02	9.552822e-01	2.479852e-02	1.849520e-05	0.000000e+00	0.000000e+00	0.000000e+00	0.000000e+00	
5.490741e-02	-2.466497e-04	1.298960e-01	-4.987090e-01	-2.816095e-02	2.804102e+04	1.121602e+04	3.007970e+02	9.937843e-01	1.106005e-02	1.849685e-05	0.000000e+00	0.000000e+00	0.000000e+00	0.000000e+00	
9.540933e-01	-1.693683e-02	1.295444e-01	3.425788e+00	1.229821e+00	2.798614e+04	1.117400e+04	3.004833e+02	5.922921e-01	8.085472e-02	1.848202e-05	0.000000e+00	0.000000e+00	0.000000e+00	0.000000e+00	
6.343257e-02	1.695197e-05	1.299051e-01	1.153674e-02	6.973033e-04	2.804313e+04	1.121725e+04	3.008090e+02	1.005539e+00	2.558909e-04	1.849742e-05	0.000000e+00	0.000000e+00	0.000000e+00	0.000000e+00	
9.472667e-01	-1.936801e-02	1.295529e-01	3.389396e+00	1.195411e+00	2.798740e+04	1.117502e+04	3.004910e+02	6.020318e-01	7.983059e-02	1.848239e-05	0.000000e+00	0.000000e+00	0.000000e+00	0.000000e+00	
9.399951e-01	-2.190767e-02	1.295612e-01	3.353732e+00	1.159232e+00	2.798864e+04	1.117602e+04	3.004987e+02	6.115997e-01	7.881172e-02	1.848275e-05	0.000000e+00	0.000000e+00	0.000000e+00	0.000000e+00	
7.237286e-02	-1.021367e-04	1.299005e-01	4.330945e-01	-1.269990e-02	2.804275e+04	1.121681e+04	3.008076e+02	1.001306e+00	9.593235e-03	1.849735e-05	0.000000e+00	0.000000e+00	0.000000e+00	0.000000e+00	
9.322861e-01	-2.454467e-02	1.295699e-01	3.317926e+00	1.122757e+00	2.798998e+04	1.117705e+04	3.005063e+02	6.214533e-01	7.779089e-02	1.848311e-05	0.000000e+00	0.000000e+00	0.000000e+00	0.000000e+00	
9.241278e-01	-2.727482e-02	1.295782e-01	3.282269e+00	1.085920e+00	2.799125e+04	1.117805e+04	3.005139e+02	6.310097e-01	7.677441e-02	1.848347e-05	0.000000e+00	0.000000e+00	0.000000e+00	0.000000e+00	
8.169832e-02	-5.568246e-04	1.298897e-01	7.812989e-01	-4.874762e-02	2.804122e+04	1.121555e+04	3.007987e+02	9.892282e-01	1.733402e-02	1.849693e-05	0.000000e+00	0.000000e+00	0.000000e+00	0.000000e+00	
9.140383e-02	-1.318640e-03	1.298750e-01	1.070320e+00	-9.670863e-02	2.803896e+04	1.121380e+04	3.007860e+02	9.725942e-01	2.379994e-02	1.849633e-05	0.000000e+00	0.000000e+00	0.000000e+00	0.000000e+00	
1.014763e-01	-2.368260e-03	1.298591e-01	1.311363e+00	-1.498958e-01	2.803645e+04	1.121190e+04	3.007717e+02	9.543671e-01	2.923492e-02	1.849565e-05	0.000000e+00	0.000000e+00	0.000000e+00	0.000000e+00	
9.155475e-01	-3.008071e-02	1.295867e-01	3.246091e+00	1.049009e+00	2.799259e+04	1.117907e+04	3.005216e+02	6.407595e-01	7.575010e-02	1.848383e-05	0.000000e+00	0.000000e+00	0.000000e+00	0.000000e+00	
9.065337e-01	-3.295813e-02	1.295950e-01	3.210010e+00	1.012051e+00	2.799387e+04	1.118006e+04	3.005291e+02	6.502249e-01	7.473161e-02	1.848419e-05	0.000000e+00	0.000000e+00	0.000000e+00	0.000000e+00	
1.118924e-01	-3.682877e-03	1.298432e-01	1.513879e+00	-2.053630e-01	2.803391e+04	1.120997e+04	3.007569e+02	9.359518e-01	3.384346e-02	1.849495e-05	0.000000e+00	0.000000e+00	0.000000e+00	0.000000e+00	
1.226615e-01	-5.260473e-03	1.298274e-01	1.684587e+00	-2.616091e-01	2.803135e+04	1.120806e+04	3.007425e+02	9.177499e-01	3.777077e-02	1.849427e-05	0.000000e+00	0.000000e+00	0.000000e+00	0.000000e+00	
8.971042e-01	-3.589340e-02	1.296038e-01	3.173306e+00	9.750447e-01	2.799528e+04	1.118111e+04	3.005367e+02	6.601908e-01	7.370332e-02	1.848455e-05	0.000000e+00	0.000000e+00	0.000000e+00	0.000000e+00	
8.872672e-01	-3.887502e-02	1.296121e-01	3.136537e+00	9.372265e-01	2.799662e+04	1.118211e+04	3.005443e+02	6.697769e-01	7.267297e-02	1.848490e-05	0.000000e+00	0.000000e+00	0.000000e+00	0.000000e+00	
8.770203e-01	-4.189209e-02	1.296209e-01	3.099635e+00	8.986579e-01	2.799805e+04	1.118315e+04	3.005518e+02	6.797160e-01	7.163952e-02	1.848526e-05	0.000000e+00	0.000000e+00	0.000000e+00	0.000000e+00	
8.663811e-01	-4.492697e-02	1.296291e-01	3.063013e+00	8.589503e-01	2.799936e+04	1.118413e+04	3.005593e+02	6.890745e-01	7.061071e-02	1.848561e-05	0.000000e+00	0.000000e+00	0.000000e+00	0.000000e+00	
8.553673e-01	-4.796188e-02	1.296375e-01	3.026800e+00	8.187278e-01	2.800074e+04	1.118513e+04	3.005666e+02	6.986104e-01	6.959330e-02	1.848596e-05	0.000000e+00	0.000000e+00	0.000000e+00	0.000000e+00	
1.337522e-01	-7.092255e-03	1.298125e-01	1.827218e+00	-3.162550e-01	2.802894e+04	1.120628e+04	3.007290e+02	9.006905e-01	4.109102e-02	1.849364e-05	0.000000e+00	0.000000e+00	0.000000e+00	0.000000e+00	
8.439567e-01	-5.098934e-02	1.296454e-01	2.990926e+00	7.776824e-01	2.800204e+04	1.118608e+04	3.005738e+02	7.077182e-01	6.858511e-02	1.848630e-05	0.000000e+00	0.000000e+00	0.000000e+00	0.000000e+00	
8.321871e-01	-5.398513e-02	1.296532e-01	2.955946e+00	7.359266e-01	2.800331e+04	1.118701e+04	3.005808e+02	7.166036e-01	6.759937e-02	1.848663e-05	0.000000e+00	0.000000e+00	0.000000e+00	0.000000e+00	
8.200664e-01	-5.693298e-02	1.296607e-01	2.921242e+00	6.935087e-01	2.800455e+04	1.118792e+04	3.005876e+02	7.252519e-01	6.662398e-02	1.848695e-05	0.000000e+00	0.000000e+00	0.000000e+00	0.000000e+00	
8.075828e-01	-5.982070e-02	1.296677e-01	2.888060e+00	6.503414e-01	2.800569e+04	1.118876e+04	3.005941e+02	7.332896e-01	6.568651e-02	1.848726e-05	0.000000e+00	0.000000e+00	0.000000e+00	0.000000e+00	
7.947643e-01	-6.262615e-02	1.296747e-01	2.855337e+00	6.068441e-01	2.800685e+04	1.118960e+04	3.006004e+02	7.413237e-01	6.476669e-02	1.848756e-05	0.000000e+00	0.000000e+00	0.000000e+00	0.000000e+00	
7.816200e-01	-6.533259e-02	1.296809e-01	2.824198e+00	5.628983e-01	2.800786e+04	1.119036e+04	3.006064e+02	7.485501e-01	6.388966e-02	1.848784e-05	0.000000e+00	0.000000e+00	0.000000e+00	0.000000e+00	
7.681698e-01	-6.792222e-02	1.296872e-01	2.793632e+00	5.190910e-01	2.800890e+04	1.119111e+04	3.006121e+02	7.557537e-01	6.303632e-02	1.848811e-05	0.000000e+00	0.000000e+00	0.000000e+00	0.000000e+00	
7.544140e-01	-7.038124e-02	1.296928e-01	2.765028e+00	4.749537e-01	2.800982e+04	1.119179e+04	3.006174e+02	7.622737e-01	6.223608e-02	1.848836e-05	0.000000e+00	0.000000e+00	0.000000e+00	0.000000e+00	
7.403628e-01	-7.269368e-02	1.296983e-01	2.736820e+00	4.308452e-01	2.801074e+04	1.119246e+04	3.006226e+02	7.686643e-01	6.145656e-02	1.848861e-05	0.000000e+00	0.000000e+00	0.000000e+00	0.000000e+00	
7.260477e-01	-7.484064e-02	1.297034e-01	2.710885e+00	3.865877e-01	2.801159e+04	1.119307e+04	3.006273e+02	7.745320e-01	6.073911e-02	1.848883e-05	0.000000e+00	0.000000e+00	0.000000e+00	0.000000e+00	
7.114798e-01	-7.680705e-02	1.297082e-01	2.685243e+00	3.421499e-01	2.801239e+04	1.119366e+04	3.006318e+02	7.801012e-01	6.004088e-02	1.848904e-05	0.000000e+00	0.000000e+00	0.000000e+00	0.000000e+00	
6.966605e-01	-7.857912e-02	1.297126e-01	2.662066e+00	2.976698e-01	2.801313e+04	1.119419e+04	3.006359e+02	7.851938e-01	5.941082e-02	1.848924e-05	0.000000e+00	0.000000e+00	0.000000e+00	0.000000e+00	
6.816224e-01	-8.014015e-02	1.297167e-01	2.639216e+00	2.531268e-01	2.801381e+04	1.119469e+04	3.006398e+02	7.899260e-01	5.880245e-02	1.848942e-05	0.000000e+00	0.000000e+00	0.000000e+00	0.000000e+00	
6.663788e-01	-8.147777e-02	1.297204e-01	2.618842e+00	2.087513e-01	2.801445e+04	1.119514e+04	3.006432e+02	7.942405e-01	5.826420e-02	1.848958e-05	0.000000e+00	0.000000e+00	0.000000e+00	0.000000e+00	
6.509437e-01	-8.258012e-02	1.297238e-01	2.598816e+00	1.643537e-01	2.801501e+04	1.119555e+04	3.006465e+02	7.981884e-01	5.774917e-02	1.848974e-05	0.000000e+00	0.000000e+00	0.000000e+00	0.000000e+00	
1.451536e-01	-9.166626e-03	1.297992e-01	1.945653e+00	-3.671881e-01	2.802678e+04	1.120467e+04	3.007168e+02	8.853463e-01	4.387986e-02	1.849306e-05	0.000000e+00	0.000000e+00	0.000000e+00	0.000000e+00	
1.568651e-01	-1.146886e-02	1.297874e-01	2.043486e+00	-4.133108e-01	2.802489e+04	1.120326e+04	3.007061e+02	8.718222e-01	4.620887e-02	1.849255e-05	0.000000e+00	0.000000e+00	0.000000e+00	0.000000e+00	
1.688785e-01	-1.398138e-02	1.297771e-01	2.124351e+00	-4.542765e-01	2.802323e+04	1.120202e+04	3.006967e+02	8.600056e-01	4.815314e-02	1.849211e-05	0.000000e+00	0.000000e+00	0.000000e+00	0.000000e+00	
1.811783e-01	-1.668296e-02	1.297682e-01	2.191270e+00	-4.893137e-01	2.802181e+04	1.120096e+04	3.006887e+02	8.498309e-01	4.977217e-02	1.849173e-05	0.000000e+00	0.000000e+00	0.000000e+00	0.000000e+00	
1.937601e-01	-1.954974e-02	1.297609e-01	2.247134e+00	-5.176797e-01	2.802066e+04	1.120007e+04	3.006818e+02	8.413616e-01	5.112244e-02	1.849141e-05	0.000000e+00	0.000000e+00	0.000000e+00	0.000000e+00	
2.066101e-01	-2.255131e-02	1.297549e-01	2.294576e+00	-5.397682e-01	2.801974e+04	1.119933e+04	3.006759e+02	8.343144e-01	5.226079e-02	1.849113e-05	0.000000e+00	0.000000e+00	0.000000e+00	0.000000e+00	
2.197337e-01	-2.566838e-02	1.297496e-01	2.334552e+00	-5.571465e-01	2.801891e+04	1.119868e+04	3.006709e+02	8.281218e-01	5.321467e-02	1.849089e-05	0.000000e+00	0.000000e+00	0.000000e+00	0.000000e+00	
2.331147e-01	-2.888486e-02	1.297450e-01	2.367668e+00	-5.705630e-01	2.801820e+04	1.119814e+04	3.006668e+02	8.228863e-01	5.400030e-02	1.849069e-05	0.000000e+00	0.000000e+00	0.000000e+00	0.000000e+00	
6.353414e-01	-8.343529e-02	1.297269e-01	2.581200e+00	1.200561e-01	2.801555e+04	1.119593e+04	3.006493e+02	8.017743e-01	5.730359e-02	1.848987e-05	0.000000e+00	0.000000e+00	0.000000e+00	0.000000e+00	
6.195965e-01	-8.403254e-02	1.297296e-01	2.564229e+00	7.552819e-02	2.801599e+04	1.119625e+04	3.006519e+02	8.048785e-01	5.688861e-02	1.848999e-05	0.000000e+00	0.000000e+00	0.000000e+00	0.000000e+00	
6.037240e-01	-8.436243e-02	1.297320e-01	2.549797e+00	3.125114e-02	2.801641e+04	1.119654e+04	3.006540e+02	8.076450e-01	5.654689e-02	1.849009e-05	0.000000e+00	0.000000e+00	0.000000e+00	0.000000e+00	
5.877386e-01	-8.441682e-02	1.297335e-01	2.537082e+00	-1.302651e-02	2.801664e+04	1.119673e+04	3.006558e+02	8.094922e-01	5.626062e-02	1.849018e-05	0.000000e+00	0.000000e+00	0.000000e+00	0.000000e+00	
5.716652e-01	-8.419455e-02	1.297352e-01	2.526705e+00	-5.583198e-02	2.801695e+04	1.119693e+04	3.006572e+02	8.113892e-01	5.604258e-02	1.849024e-05	0.000000e+00	0.000000e+00	0.000000e+00	0.000000e+00	
5.555183e-01	-8.369861e-02	1.297361e-01	2.517790e+00	-9.788737e-02	2.801708e+04	1.119705e+04	3.006582e+02	8.124791e-01	5.587293e-02	1.849029e-05	0.000000e+00	0.000000e+00	0.000000e+00	0.000000e+00	
5.393333e-01	-8.293406e-02	1.297372e-01	2.510009e+00	-1.384774e-01	2.801729e+04	1.119717e+04	3.006590e+02	8.136887e-01	5.574229e-02	1.849033e-05	0.000000e+00	0.000000e+00	0.000000e+00	0.000000e+00	
5.231143e-01	-8.190591e-02	1.297377e-01	2.502869e+00	-1.781037e-01	2.801737e+04	1.119724e+04	3.006597e+02	8.143408e-01	5.563938e-02	1.849036e-05	0.000000e+00	0.000000e+00	0.000000e+00	0.000000e+00	
5.068965e-01	-8.062199e-02	1.297381e-01	2.496629e+00	-2.165214e-01	2.801744e+04	1.119730e+04	3.006602e+02	8.148624e-01	5.556826e-02	1.849039e-05	0.000000e+00	0.000000e+00	0.000000e+00	0.000000e+00	
4.906842e-01	-7.908896e-02	1.297384e-01	2.491143e+00	-2.538528e-01	2.801749e+04	1.119733e+04	3.006605e+02	8.152067e-01	5.552471e-02	1.849040e-05	0.000000e+00	0.000000e+00	0.000000e+00	0.000000e+00	
4.745112e-01	-7.731719e-02	1.297383e-01	2.486572e+00	-2.901987e-01	2.801748e+04	1.119733e+04	3.006607e+02	8.152010e-01	5.551155e-02	1.849041e-05	0.000000e+00	0.000000e+00	0.000000e+00	0.000000e+00	
4.583898e-01	-7.531617e-02	1.297385e-01	2.482856e+00	-3.253296e-01	2.801752e+04	1.119734e+04	3.006606e+02	8.153079e-01	5.552547e-02	1.849040e-05	0.000000e+00	0.000000e+00	0.000000e+00	0.000000e+00	
4.423322e-01	-7.309594e-02	1.297382e-01	2.479583e+00	-3.595310e-01	2.801747e+04	1.119731e+04	3.006604e+02	8.150092e-01	5.555738e-02	1.849040e-05	0.000000e+00	0.000000e+00	0.000000e+00	0.000000e+00	
4.263707e-01	-7.067021e-02	1.297382e-01	2.476839e+00	-3.924270e-01	2.801748e+04	1.119730e+04	3.006601e+02	8.148972e-01	5.560668e-02	1.849038e-05	0.000000e+00	0.000000e+00	0.000000e+00	0.000000e+00	
4.105069e-01	-6.804888e-02	1.297377e-01	2.474329e+00	-4.243598e-01	2.801740e+04	1.119724e+04	3.006597e+02	8.143605e-01	5.566725e-02	1.849036e-05	0.000000e+00	0.000000e+00	0.000000e+00	0.000000e+00	
3.947625e-01	-6.524550e-02	1.297371e-01	2.472591e+00	-4.547680e-01	2.801729e+04	1.119717e+04	3.006592e+02	8.136890e-01	5.574758e-02	1.849034e-05	0.000000e+00	0.000000e+00	0.000000e+00	0.000000e+00	
2.467472e-01	-3.218563e-02	1.297414e-01	2.394429e+00	-5.798282e-01	2.801765e+04	1.119770e+04	3.006634e+02	8.187584e-01	5.462712e-02	1.849054e-05	0.000000e+00	0.000000e+00	0.000000e+00	0.000000e+00	
2.606258e-01	-3.555375e-02	1.297387e-01	2.415743e+00	-5.848701e-01	2.801725e+04	1.119738e+04	3.006609e+02	8.156391e-01	5.511413e-02	1.849042e-05	0.000000e+00	0.000000e+00	0.000000e+00	0.000000e+00	
3.791571e-01	-6.227861e-02	1.297363e-01	2.471392e+00	-4.828634e-01	2.801713e+04	1.119708e+04	3.006585e+02	8.127574e-01	5.583797e-02	1.849030e-05	0.000000e+00	0.000000e+00	0.000000e+00	0.000000e+00	
2.747255e-01	-3.896575e-02	1.297368e-01	2.432336e+00	-5.856547e-01	2.801697e+04	1.119714e+04	3.006591e+02	8.133752e-01	5.547688e-02	1.849033e-05	0.000000e+00	0.000000e+00	0.000000e+00	0.000000e+00	
3.637073e-01	-5.917380e-02	1.297357e-01	2.470578e+00	-5.078892e-01	2.801701e+04	1.119700e+04	3.006578e+02	8.119890e-01	5.592968e-02	1.849027e-05	0.000000e+00	0.000000e+00	0.000000e+00	0.000000e+00	
2.890514e-01	-4.240376e-02	1.297356e-01	2.445039e+00	-5.821905e-01	2.801681e+04	1.119699e+04	3.006578e+02	8.119128e-01	5.573356e-02	1.849027e-05	0.000000e+00	0.000000e+00	0.000000e+00	0.000000e+00	
3.484093e-01	-5.595281e-02	1.297351e-01	2.469009e+00	-5.297244e-01	2.801688e+04	1.119692e+04	3.006572e+02	8.112798e-01	5.599549e-02	1.849024e-05	0.000000e+00	0.000000e+00	0.000000e+00	0.000000e+00	
3.332794e-01	-5.264094e-02	1.297347e-01	2.466309e+00	-5.482033e-01	2.801679e+04	1.119688e+04	3.006568e+02	8.108560e-01	5.602462e-02	1.849022e-05	0.000000e+00	0.000000e+00	0.000000e+00	0.000000e+00	
3.183439e-01	-4.926541e-02	1.297347e-01	2.461586e+00	-5.631931e-01	2.801675e+04	1.119687e+04	3.006567e+02	8.107894e-01	5.599561e-02	1.849022e-05	0.000000e+00	0.000000e+00	0.000000e+00	0.000000e+00	
3.035992e-01	-4.584596e-02	1.297349e-01	2.454647e+00	-5.745970e-01	2.801675e+04	1.119690e+04	3.006571e+02	8.110994e-01	5.590259e-02	1.849024e-05	0.000000e+00	0.000000e+00	0.000000e+00	0.000000e+00	
5	4
4	9
9	26
26	30
30	34
34	40
40	42
42	43
43	44
44	48
48	49
49	53
53	58
58	74
47	41
41	35
35	31
31	27
27	10
10	5
74	75
75	78
78	81
81	82
82	87
87	88
88	89
89	90
90	93
93	94
94	95
95	104
104	107
107	108
108	109
109	110
110	115
115	116
116	114
114	113
113	112
112	111
111	106
106	105
105	103
103	102
102	101
101	100
100	99
99	98
98	97
97	96
96	92
92	91
91	86
86	85
85	84
84	83
83	80
80	79
16	15
15	14
14	13
13	12
12	11
11	7
7	6
6	1
1	2
2	3
3	8
8	24
24	28
28	32
32	36
36	37
37	45
45	50
50	118
118	120
120	122
122	124
124	125
125	127
127	130
130	131
131	133
133	136
136	139
175	166
166	165
165	164
164	163
163	162
162	161
161	160
160	159
159	158
158	157
157	156
156	155
155	154
154	153
153	152
152	150
150	149
149	148
148	147
147	146
146	143
143	142
142	138
138	137
137	135
135	134
134	132
132	129
129	128
128	126
126	123
123	121
121	119
119	117
117	47
79	77
77	76
76	73
73	72
72	71
71	70
70	69
69	68
68	67
67	66
66	65
65	64
64	63
63	62
62	61
61	60
60	59
59	57
57	56
56	55
55	54
54	52
52	51
51	46
46	39
39	38
38	33
33	29
29	25
25	23
23	22
22	21
21	20
20	19
19	18
18	17
17	16
139	140
140	141
141	144
144	145
145	151
151	167
167	168
168	169
169	170
170	171
171	172
172	173
173	174
174	191
191	192
192	194
194	196
196	200
200	199
199	198
198	197
197	195
195	193
193	190
190	189
189	188
188	187
187	186
186	185
185	184
184	183
183	182
182	181
181	180
180	179
179	178
178	177
177	176
176	175
