TITLE = "Visualization of the surface solution"
VARIABLES = "x""y""Conservative_1""Conservative_2""Conservative_3""Conservative_4""Conservative_5""Pressure""Temperature""C<sub>p</sub>""Mach""<greek>m</greek>""C<sub>f</sub>_x""C<sub>f</sub>_y""h""y<sup>+</sup>""<greek>m</greek><sub>t</sub>"
ZONE NODES= 200, ELEMENTS= 200, DATAPACKING=POINT, ZONETYPE=FELINESEG
1.283179e-03	-1.262801e-02	9.566146e-01	0.000000e+00	0.000000e+00	2.440497e+00	1.000000e-10	9.761986e-01	1.020472e+00	-2.526899e+00	0.000000e+00	5.643854e-08	1.061104e-04	-2.180347e-04	-1.845400e-06	7.374633e+01	1.301505e-21	
7.485949e-04	-1.134950e-02	9.612926e-01	0.000000e+00	0.000000e+00	2.440184e+00	1.000000e-10	9.760736e-01	1.015376e+00	-2.540168e+00	0.000000e+00	5.622265e-08	9.429290e-05	-2.466523e-04	-1.381236e-06	4.985858e+01	1.342497e-21	
2.923626e-04	-1.003622e-02	9.645773e-01	0.000000e+00	0.000000e+00	2.450091e+00	1.000000e-10	9.800366e-01	1.016027e+00	-2.119439e+00	0.000000e+00	5.625025e-08	7.014537e-05	-2.586345e-04	-1.626060e-06	4.600758e+01	1.358938e-21	
1.000031e+00	2.492173e-04	5.971618e-01	0.000000e+00	0.000000e+00	2.106883e+00	1.000000e-10	8.427531e-01	1.411264e+00	-1.669430e+01	0.000000e+00	7.162806e-08	6.347905e-03	-8.245367e-04	-2.637626e-04	2.104059e+01	9.668149e-23	
1.000000e+00	0.000000e+00	7.955679e-01	0.000000e+00	0.000000e+00	2.283185e+00	1.000000e-10	9.132740e-01	1.147952e+00	-9.207364e+00	0.000000e+00	6.167531e-08	7.260214e-03	-9.068543e-03	5.213383e-05	6.928135e+01	4.770895e-22	
2.604556e-03	-1.516312e-02	9.567098e-01	0.000000e+00	0.000000e+00	2.443939e+00	1.000000e-10	9.775756e-01	1.021810e+00	-2.380712e+00	0.000000e+00	5.649512e-08	1.107414e-04	-1.890602e-04	-1.695426e-06	8.142694e+01	1.298115e-21	
4.214091e-03	-1.763173e-02	9.573813e-01	0.000000e+00	0.000000e+00	2.446341e+00	1.000000e-10	9.785364e-01	1.022097e+00	-2.278709e+00	0.000000e+00	5.650725e-08	1.138750e-04	-1.601612e-04	-1.552063e-06	8.348992e+01	1.300925e-21	
-3.714070e-04	-7.219921e-03	9.618375e-01	0.000000e+00	0.000000e+00	2.447413e+00	1.000000e-10	9.789650e-01	1.017807e+00	-2.233203e+00	0.000000e+00	5.632570e-08	4.031005e-05	-2.589454e-04	-1.692275e-06	6.335134e+01	1.338173e-21	
9.998543e-01	5.254712e-04	9.970771e-01	0.000000e+00	0.000000e+00	2.475169e+00	1.000000e-10	9.900678e-01	9.929701e-01	-1.054464e+00	0.000000e+00	5.526712e-08	7.787657e-04	3.240820e-04	2.301299e-04	1.670726e+01	1.635835e-21	
9.997483e-01	2.617004e-05	1.047777e+00	0.000000e+00	0.000000e+00	2.487355e+00	1.000000e-10	9.949421e-01	9.495740e-01	-5.369811e-01	0.000000e+00	5.338624e-08	4.542216e-04	-4.725759e-05	3.343470e-05	1.584852e+01	2.213160e-21	
6.109771e-03	-2.009308e-02	9.565060e-01	0.000000e+00	0.000000e+00	2.441715e+00	1.000000e-10	9.766859e-01	1.021098e+00	-2.475168e+00	0.000000e+00	5.646499e-08	1.118610e-04	-1.359063e-04	-1.337117e-06	8.638235e+01	1.299086e-21	
8.310729e-03	-2.260896e-02	9.562540e-01	0.000000e+00	0.000000e+00	2.437586e+00	1.000000e-10	9.750344e-01	1.019639e+00	-2.650506e+00	0.000000e+00	5.640329e-08	1.084344e-04	-1.166864e-04	-1.114912e-06	8.224086e+01	1.301981e-21	
1.084306e-02	-2.518658e-02	9.564085e-01	0.000000e+00	0.000000e+00	2.435388e+00	1.000000e-10	9.741553e-01	1.018556e+00	-2.743828e+00	0.000000e+00	5.635741e-08	1.046974e-04	-1.005480e-04	-9.518891e-07	8.301647e+01	1.306007e-21	
1.375174e-02	-2.783434e-02	9.566038e-01	0.000000e+00	0.000000e+00	2.433886e+00	1.000000e-10	9.735542e-01	1.017719e+00	-2.807646e+00	0.000000e+00	5.632198e-08	1.003276e-04	-8.644574e-05	-8.253663e-07	8.415072e+01	1.309542e-21	
1.707033e-02	-3.055221e-02	9.569408e-01	0.000000e+00	0.000000e+00	2.432888e+00	1.000000e-10	9.731551e-01	1.016944e+00	-2.850018e+00	0.000000e+00	5.628912e-08	9.524466e-05	-7.417648e-05	-7.150486e-07	8.558899e+01	1.313687e-21	
2.081840e-02	-3.333785e-02	9.573389e-01	0.000000e+00	0.000000e+00	2.432383e+00	1.000000e-10	9.729531e-01	1.016310e+00	-2.871470e+00	0.000000e+00	5.626225e-08	8.984315e-05	-6.364814e-05	-6.237397e-07	8.724120e+01	1.317761e-21	
2.499665e-02	-3.616750e-02	9.577880e-01	0.000000e+00	0.000000e+00	2.432569e+00	1.000000e-10	9.730276e-01	1.015911e+00	-2.863554e+00	0.000000e+00	5.624535e-08	8.432853e-05	-5.441129e-05	-5.535507e-07	8.856767e+01	1.321425e-21	
2.964718e-02	-3.903444e-02	9.584166e-01	0.000000e+00	0.000000e+00	2.433287e+00	1.000000e-10	9.733149e-01	1.015545e+00	-2.833052e+00	0.000000e+00	5.622980e-08	7.885723e-05	-4.633597e-05	-4.898103e-07	9.009323e+01	1.325998e-21	
3.475643e-02	-4.190228e-02	9.592705e-01	0.000000e+00	0.000000e+00	2.434616e+00	1.000000e-10	9.738462e-01	1.015195e+00	-2.776646e+00	0.000000e+00	5.621495e-08	7.356502e-05	-3.940429e-05	-4.324428e-07	9.170213e+01	1.331784e-21	
4.033888e-02	-4.476133e-02	9.601965e-01	0.000000e+00	0.000000e+00	2.436356e+00	1.000000e-10	9.745425e-01	1.014941e+00	-2.702723e+00	0.000000e+00	5.620418e-08	6.853721e-05	-3.349576e-05	-3.848143e-07	9.295649e+01	1.337703e-21	
4.639109e-02	-4.758842e-02	9.611145e-01	0.000000e+00	0.000000e+00	2.438333e+00	1.000000e-10	9.753333e-01	1.014794e+00	-2.618773e+00	0.000000e+00	5.619796e-08	6.381785e-05	-2.840312e-05	-3.463693e-07	9.430936e+01	1.343272e-21	
5.291366e-02	-5.035793e-02	9.619902e-01	0.000000e+00	0.000000e+00	2.440273e+00	1.000000e-10	9.761091e-01	1.014677e+00	-2.536404e+00	0.000000e+00	5.619298e-08	5.930648e-05	-2.396350e-05	-3.125466e-07	9.553333e+01	1.348533e-21	
5.991198e-02	-5.305169e-02	9.628568e-01	0.000000e+00	0.000000e+00	2.442176e+00	1.000000e-10	9.768704e-01	1.014554e+00	-2.455579e+00	0.000000e+00	5.618778e-08	5.491943e-05	-2.010069e-05	-2.817302e-07	9.664970e+01	1.353774e-21	
-6.081539e-04	-4.251448e-03	9.631135e-01	0.000000e+00	0.000000e+00	2.450236e+00	1.000000e-10	9.800943e-01	1.017631e+00	-2.113306e+00	0.000000e+00	5.631825e-08	-3.114503e-06	-2.474111e-04	-1.620439e-06	6.732591e+01	1.345822e-21	
6.737662e-02	-5.565142e-02	9.637462e-01	0.000000e+00	0.000000e+00	2.444150e+00	1.000000e-10	9.776599e-01	1.014437e+00	-2.371763e+00	0.000000e+00	5.618281e-08	5.063625e-05	-1.673437e-05	-2.542668e-07	9.711152e+01	1.359143e-21	
9.988187e-01	-2.553674e-04	9.750413e-01	0.000000e+00	0.000000e+00	2.454611e+00	1.000000e-10	9.818443e-01	1.006977e+00	-1.927520e+00	0.000000e+00	5.586568e-08	6.314611e-04	5.336452e-04	-4.440154e-06	3.558558e+01	1.448377e-21	
9.989932e-01	1.047439e-04	9.891786e-01	0.000000e+00	0.000000e+00	2.503483e+00	1.000000e-10	1.001393e+00	1.012348e+00	1.479057e-01	0.000000e+00	5.609412e-08	1.927403e-04	-2.007518e-05	-1.458353e-06	1.685425e+01	1.515555e-21	
-2.951974e-04	-1.165950e-03	9.664369e-01	0.000000e+00	0.000000e+00	2.455061e+00	1.000000e-10	9.820243e-01	1.016129e+00	-1.908407e+00	0.000000e+00	5.625456e-08	-4.906778e-05	-2.222723e-04	-1.462231e-06	6.525266e+01	1.369133e-21	
7.529968e-02	-5.813705e-02	9.647147e-01	0.000000e+00	0.000000e+00	2.446342e+00	1.000000e-10	9.785367e-01	1.014328e+00	-2.278671e+00	0.000000e+00	5.617816e-08	4.653477e-05	-1.381099e-05	-2.299922e-07	9.750092e+01	1.364953e-21	
9.967453e-01	-2.101919e-03	9.833757e-01	0.000000e+00	0.000000e+00	2.478255e+00	1.000000e-10	9.913021e-01	1.008060e+00	-9.234241e-01	0.000000e+00	5.591180e-08	2.044474e-04	1.388456e-04	-2.115252e-07	3.110868e+01	1.494832e-21	
9.977449e-01	2.348410e-04	9.902705e-01	0.000000e+00	0.000000e+00	2.502463e+00	1.000000e-10	1.000985e+00	1.010820e+00	1.046042e-01	0.000000e+00	5.602919e-08	8.535470e-05	-8.906578e-06	-3.062376e-07	1.929256e+01	1.527556e-21	
7.677676e-04	1.981343e-03	9.720053e-01	0.000000e+00	0.000000e+00	2.463031e+00	1.000000e-10	9.852126e-01	1.013588e+00	-1.569922e+00	0.000000e+00	5.614676e-08	-8.248796e-05	-1.728152e-04	-1.118900e-06	6.376791e+01	1.409047e-21	
8.368332e-02	-6.049106e-02	9.657183e-01	0.000000e+00	0.000000e+00	2.448569e+00	1.000000e-10	9.794274e-01	1.014196e+00	-2.184109e+00	0.000000e+00	5.617257e-08	4.261895e-05	-1.128742e-05	-2.077094e-07	9.766664e+01	1.371052e-21	
9.942958e-01	-3.327011e-03	9.884624e-01	0.000000e+00	0.000000e+00	2.490270e+00	1.000000e-10	9.961080e-01	1.007735e+00	-4.131953e-01	0.000000e+00	5.589795e-08	7.731102e-05	2.018143e-05	-1.412867e-07	2.638798e+01	1.527137e-21	
9.959933e-01	4.177799e-04	9.895015e-01	0.000000e+00	0.000000e+00	2.500299e+00	1.000000e-10	1.000120e+00	1.010731e+00	1.271267e-02	0.000000e+00	5.602540e-08	5.256654e-05	-5.498992e-06	-2.069544e-07	2.226545e+01	1.523126e-21	
2.683863e-03	5.075288e-03	9.801039e-01	0.000000e+00	0.000000e+00	2.475376e+00	1.000000e-10	9.901505e-01	1.010251e+00	-1.045688e+00	0.000000e+00	5.600498e-08	-8.736063e-05	-1.130821e-04	-6.883559e-07	6.206404e+01	1.467687e-21	
5.412686e-03	7.993858e-03	9.910706e-01	0.000000e+00	0.000000e+00	2.498642e+00	1.000000e-10	9.994569e-01	1.008462e+00	-5.766289e-02	0.000000e+00	5.592889e-08	-7.270370e-05	-6.498605e-05	-4.723304e-07	6.406634e+01	1.540759e-21	
9.250634e-02	-6.269415e-02	9.667495e-01	0.000000e+00	0.000000e+00	2.450891e+00	1.000000e-10	9.803562e-01	1.014075e+00	-2.085504e+00	0.000000e+00	5.616743e-08	3.890226e-05	-9.132837e-06	-1.881801e-07	9.754118e+01	1.377295e-21	
1.017649e-01	-6.473595e-02	9.678012e-01	0.000000e+00	0.000000e+00	2.453302e+00	1.000000e-10	9.813208e-01	1.013969e+00	-1.983093e+00	0.000000e+00	5.616296e-08	3.540197e-05	-7.307740e-06	-1.710062e-07	9.712393e+01	1.383629e-21	
9.916556e-01	-3.430551e-03	9.909053e-01	0.000000e+00	0.000000e+00	2.496604e+00	1.000000e-10	9.986415e-01	1.007807e+00	-1.442320e-01	0.000000e+00	5.590102e-08	3.683244e-05	-2.471604e-06	-9.704332e-08	2.498237e+01	1.542035e-21	
9.937386e-01	6.539429e-04	9.888195e-01	0.000000e+00	0.000000e+00	2.497968e+00	1.000000e-10	9.991872e-01	1.010485e+00	-8.629496e-02	0.000000e+00	5.601494e-08	3.820284e-05	-4.008953e-06	-1.346410e-07	2.458911e+01	1.519782e-21	
9.886993e-01	-2.951466e-03	9.912940e-01	0.000000e+00	0.000000e+00	2.497150e+00	1.000000e-10	9.988601e-01	1.007633e+00	-1.210192e-01	0.000000e+00	5.589359e-08	1.947730e-05	-1.203129e-06	-5.545099e-08	2.756390e+01	1.545073e-21	
9.851238e-01	-3.027079e-03	9.902701e-01	0.000000e+00	0.000000e+00	2.493747e+00	1.000000e-10	9.974986e-01	1.007300e+00	-2.655628e-01	0.000000e+00	5.587941e-08	1.203052e-05	1.347002e-06	-2.038836e-08	2.731250e+01	1.539870e-21	
9.809162e-01	-3.822899e-03	9.900289e-01	0.000000e+00	0.000000e+00	2.492722e+00	1.000000e-10	9.970888e-01	1.007131e+00	-3.090758e-01	0.000000e+00	5.587223e-08	7.563386e-06	1.695914e-06	-8.101376e-09	2.142554e+01	1.538964e-21	
8.851280e-03	1.058802e-02	9.997005e-01	0.000000e+00	0.000000e+00	2.517477e+00	1.000000e-10	1.006991e+00	1.007293e+00	7.421886e-01	0.000000e+00	5.587911e-08	-5.233032e-05	-3.366064e-05	-3.434441e-07	5.616634e+01	1.599396e-21	
1.114477e-01	-6.660406e-02	9.688564e-01	0.000000e+00	0.000000e+00	2.455710e+00	1.000000e-10	9.822841e-01	1.013859e+00	-1.880827e+00	0.000000e+00	5.615829e-08	3.214133e-05	-5.775593e-06	-1.552349e-07	9.646709e+01	1.390020e-21	
9.909909e-01	9.427314e-04	9.885894e-01	0.000000e+00	0.000000e+00	2.496994e+00	1.000000e-10	9.987976e-01	1.010326e+00	-1.276503e-01	0.000000e+00	5.600819e-08	3.134871e-05	-3.301843e-06	-9.721848e-08	2.716809e+01	1.518917e-21	
9.761313e-01	-5.043427e-03	9.900865e-01	0.000000e+00	0.000000e+00	2.492717e+00	1.000000e-10	9.970870e-01	1.007071e+00	-3.092647e-01	0.000000e+00	5.586966e-08	4.056339e-06	9.477661e-07	-3.836751e-09	1.688509e+01	1.539535e-21	
9.709312e-01	-6.155908e-03	9.900233e-01	0.000000e+00	0.000000e+00	2.492496e+00	1.000000e-10	9.969985e-01	1.007045e+00	-3.186614e-01	0.000000e+00	5.586859e-08	1.156016e-06	2.133115e-07	-1.920607e-09	1.049616e+01	1.539230e-21	
1.295162e-02	1.284316e-02	1.004754e+00	0.000000e+00	0.000000e+00	2.527932e+00	1.000000e-10	1.011173e+00	1.006388e+00	1.186175e+00	0.000000e+00	5.584060e-08	-3.296933e-05	-1.595257e-05	-2.429678e-07	4.767887e+01	1.635361e-21	
1.215324e-01	-6.828805e-02	9.699054e-01	0.000000e+00	0.000000e+00	2.458081e+00	1.000000e-10	9.832326e-01	1.013741e+00	-1.780134e+00	0.000000e+00	5.615325e-08	2.912751e-05	-4.505805e-06	-1.407510e-07	9.912858e+01	1.396425e-21	
1.320242e-01	-6.978709e-02	9.709418e-01	0.000000e+00	0.000000e+00	2.460363e+00	1.000000e-10	9.841451e-01	1.013598e+00	-1.683258e+00	0.000000e+00	5.614721e-08	2.635816e-05	-3.467421e-06	-1.271354e-07	9.736689e+01	1.402856e-21	
9.653272e-01	-7.037036e-03	9.898333e-01	0.000000e+00	0.000000e+00	2.491969e+00	1.000000e-10	9.967876e-01	1.007026e+00	-3.410478e-01	0.000000e+00	5.586775e-08	-8.537566e-07	-1.212258e-07	-8.796298e-10	9.774056e+00	1.538118e-21	
1.428890e-01	-7.109752e-02	9.719436e-01	0.000000e+00	0.000000e+00	2.462522e+00	1.000000e-10	9.850088e-01	1.013442e+00	-1.591557e+00	0.000000e+00	5.614059e-08	2.382516e-05	-2.626321e-06	-1.145930e-07	9.548144e+01	1.409153e-21	
1.541143e-01	-7.222216e-02	9.729084e-01	0.000000e+00	0.000000e+00	2.464574e+00	1.000000e-10	9.858294e-01	1.013281e+00	-1.504434e+00	0.000000e+00	5.613373e-08	2.150864e-05	-1.953801e-06	-1.032377e-07	9.361286e+01	1.415275e-21	
1.656965e-01	-7.316931e-02	9.738169e-01	0.000000e+00	0.000000e+00	2.466493e+00	1.000000e-10	9.865970e-01	1.013124e+00	-1.422943e+00	0.000000e+00	5.612706e-08	1.940513e-05	-1.426753e-06	-9.318638e-08	9.168130e+01	1.421076e-21	
1.776214e-01	-7.395050e-02	9.746855e-01	0.000000e+00	0.000000e+00	2.468304e+00	1.000000e-10	9.873217e-01	1.012964e+00	-1.346005e+00	0.000000e+00	5.612029e-08	1.749326e-05	-1.020323e-06	-8.400448e-08	8.965022e+01	1.426669e-21	
9.593082e-01	-7.806276e-03	9.896487e-01	0.000000e+00	0.000000e+00	2.491485e+00	1.000000e-10	9.965938e-01	1.007018e+00	-3.616218e-01	0.000000e+00	5.586741e-08	-2.055836e-06	-2.684682e-07	-5.810795e-10	1.667837e+01	1.536999e-21	
1.898674e-01	-7.457911e-02	9.755159e-01	0.000000e+00	0.000000e+00	2.470042e+00	1.000000e-10	9.880169e-01	1.012815e+00	-1.272198e+00	0.000000e+00	5.611394e-08	1.576699e-05	-7.138561e-07	-7.579421e-08	8.750161e+01	1.432023e-21	
2.024232e-01	-7.507341e-02	9.762934e-01	0.000000e+00	0.000000e+00	2.471681e+00	1.000000e-10	9.886724e-01	1.012680e+00	-1.202611e+00	0.000000e+00	5.610820e-08	1.421250e-05	-4.901360e-07	-6.855774e-08	8.533341e+01	1.437035e-21	
2.152673e-01	-7.545506e-02	9.770058e-01	0.000000e+00	0.000000e+00	2.473182e+00	1.000000e-10	9.892727e-01	1.012556e+00	-1.138881e+00	0.000000e+00	5.610293e-08	1.281994e-05	-3.257413e-07	-6.213617e-08	8.307636e+01	1.441640e-21	
2.283990e-01	-7.573343e-02	9.776504e-01	0.000000e+00	0.000000e+00	2.474539e+00	1.000000e-10	9.898157e-01	1.012443e+00	-1.081223e+00	0.000000e+00	5.609817e-08	1.156910e-05	-1.967450e-07	-5.645094e-08	8.070393e+01	1.445817e-21	
2.417987e-01	-7.590625e-02	9.782301e-01	0.000000e+00	0.000000e+00	2.475751e+00	1.000000e-10	9.903005e-01	1.012339e+00	-1.029762e+00	0.000000e+00	5.609373e-08	1.043838e-05	-9.206354e-08	-5.130913e-08	7.830061e+01	1.449593e-21	
2.554566e-01	-7.597207e-02	9.787497e-01	0.000000e+00	0.000000e+00	2.476829e+00	1.000000e-10	9.907315e-01	1.012242e+00	-9.839963e-01	0.000000e+00	5.608961e-08	9.408598e-06	-8.367908e-09	-4.662439e-08	7.572695e+01	1.452995e-21	
2.693627e-01	-7.593077e-02	9.792190e-01	0.000000e+00	0.000000e+00	2.477790e+00	1.000000e-10	9.911158e-01	1.012149e+00	-9.432003e-01	0.000000e+00	5.608568e-08	8.459575e-06	5.664848e-08	-4.224689e-08	7.306126e+01	1.456090e-21	
2.834871e-01	-7.578437e-02	9.796592e-01	0.000000e+00	0.000000e+00	2.478693e+00	1.000000e-10	9.914771e-01	1.012063e+00	-9.048391e-01	0.000000e+00	5.608202e-08	7.588172e-06	1.052713e-07	-3.821806e-08	7.033301e+01	1.458996e-21	
2.978297e-01	-7.553584e-02	9.800766e-01	0.000000e+00	0.000000e+00	2.479552e+00	1.000000e-10	9.918208e-01	1.011983e+00	-8.683532e-01	0.000000e+00	5.607861e-08	6.795661e-06	1.401576e-07	-3.456612e-08	6.759884e+01	1.461751e-21	
3.123804e-01	-7.518845e-02	9.804680e-01	0.000000e+00	0.000000e+00	2.480351e+00	1.000000e-10	9.921404e-01	1.011905e+00	-8.344201e-01	0.000000e+00	5.607530e-08	6.077340e-06	1.642923e-07	-3.122732e-08	6.479958e+01	1.464347e-21	
3.271094e-01	-7.474431e-02	9.808264e-01	0.000000e+00	0.000000e+00	2.481063e+00	1.000000e-10	9.924252e-01	1.011825e+00	-8.041897e-01	0.000000e+00	5.607192e-08	5.422414e-06	1.799748e-07	-2.807789e-08	6.195452e+01	1.466754e-21	
3.420066e-01	-7.420514e-02	9.811581e-01	0.000000e+00	0.000000e+00	2.481704e+00	1.000000e-10	9.926816e-01	1.011745e+00	-7.769652e-01	0.000000e+00	5.606849e-08	4.817843e-06	1.883801e-07	-2.508211e-08	5.909526e+01	1.469008e-21	
3.570720e-01	-7.357276e-02	9.814684e-01	0.000000e+00	0.000000e+00	2.482278e+00	1.000000e-10	9.929112e-01	1.011659e+00	-7.525951e-01	0.000000e+00	5.606484e-08	4.252530e-06	1.902504e-07	-2.211776e-08	5.609289e+01	1.471155e-21	
3.722757e-01	-7.285095e-02	9.817590e-01	0.000000e+00	0.000000e+00	2.482796e+00	1.000000e-10	9.931182e-01	1.011570e+00	-7.306129e-01	0.000000e+00	5.606108e-08	3.717383e-06	1.861721e-07	-1.919432e-08	5.291001e+01	1.473195e-21	
3.875978e-01	-7.204398e-02	9.820437e-01	0.000000e+00	0.000000e+00	2.483290e+00	1.000000e-10	9.933161e-01	1.011478e+00	-7.096004e-01	0.000000e+00	5.605717e-08	3.204848e-06	1.766284e-07	-1.625582e-08	4.954798e+01	1.475213e-21	
9.528219e-01	-8.670082e-03	9.895074e-01	0.000000e+00	0.000000e+00	2.491139e+00	1.000000e-10	9.964558e-01	1.007022e+00	-3.762774e-01	0.000000e+00	5.586759e-08	-2.758704e-06	-3.926471e-07	-7.419988e-10	2.103619e+01	1.536106e-21	
9.458545e-01	-9.721143e-03	9.893964e-01	0.000000e+00	0.000000e+00	2.490890e+00	1.000000e-10	9.963562e-01	1.007034e+00	-3.868505e-01	0.000000e+00	5.586812e-08	-3.188388e-06	-4.968166e-07	-1.094324e-09	2.419370e+01	1.535374e-21	
4.030384e-01	-7.115553e-02	9.823453e-01	0.000000e+00	0.000000e+00	2.483832e+00	1.000000e-10	9.935327e-01	1.011388e+00	-6.866105e-01	0.000000e+00	5.605335e-08	2.730075e-06	1.634180e-07	-1.346630e-08	4.605058e+01	1.477328e-21	
4.185776e-01	-7.018958e-02	9.826565e-01	0.000000e+00	0.000000e+00	2.484401e+00	1.000000e-10	9.937605e-01	1.011300e+00	-6.624209e-01	0.000000e+00	5.604959e-08	2.316523e-06	1.491976e-07	-1.096454e-08	4.266576e+01	1.479499e-21	
9.384270e-01	-1.091311e-02	9.892883e-01	0.000000e+00	0.000000e+00	2.490653e+00	1.000000e-10	9.962613e-01	1.007048e+00	-3.969253e-01	0.000000e+00	5.586872e-08	-3.432734e-06	-5.501311e-07	-1.400424e-09	2.652015e+01	1.534654e-21	
4.341954e-01	-6.914884e-02	9.829367e-01	0.000000e+00	0.000000e+00	2.484915e+00	1.000000e-10	9.939661e-01	1.011221e+00	-6.405945e-01	0.000000e+00	5.604622e-08	1.966241e-06	1.352898e-07	-8.913361e-09	3.949717e+01	1.481454e-21	
4.498716e-01	-6.803635e-02	9.831636e-01	0.000000e+00	0.000000e+00	2.485340e+00	1.000000e-10	9.941359e-01	1.011160e+00	-6.225661e-01	0.000000e+00	5.604365e-08	1.650736e-06	1.205855e-07	-7.365772e-09	3.634194e+01	1.483027e-21	
9.305677e-01	-1.217100e-02	9.891792e-01	0.000000e+00	0.000000e+00	2.490414e+00	1.000000e-10	9.961655e-01	1.007063e+00	-4.070961e-01	0.000000e+00	5.586932e-08	-3.524475e-06	-5.519777e-07	-1.603901e-09	2.824430e+01	1.533927e-21	
9.222802e-01	-1.344190e-02	9.890810e-01	0.000000e+00	0.000000e+00	2.490202e+00	1.000000e-10	9.960809e-01	1.007077e+00	-4.160801e-01	0.000000e+00	5.586994e-08	-3.485768e-06	-5.254403e-07	-1.718113e-09	2.948963e+01	1.533267e-21	
4.656064e-01	-6.685427e-02	9.833643e-01	0.000000e+00	0.000000e+00	2.485728e+00	1.000000e-10	9.942912e-01	1.011112e+00	-6.060769e-01	0.000000e+00	5.604159e-08	1.352535e-06	1.042631e-07	-6.105193e-09	3.299238e+01	1.484402e-21	
4.813699e-01	-6.560823e-02	9.835638e-01	0.000000e+00	0.000000e+00	2.486133e+00	1.000000e-10	9.944532e-01	1.011071e+00	-5.888771e-01	0.000000e+00	5.603987e-08	1.081584e-06	8.747739e-08	-5.106426e-09	2.955308e+01	1.485743e-21	
4.971523e-01	-6.430288e-02	9.837577e-01	0.000000e+00	0.000000e+00	2.486526e+00	1.000000e-10	9.946106e-01	1.011032e+00	-5.721738e-01	0.000000e+00	5.603820e-08	8.497046e-07	7.172997e-08	-4.310524e-09	2.622511e+01	1.487048e-21	
5.129436e-01	-6.294286e-02	9.839239e-01	0.000000e+00	0.000000e+00	2.486858e+00	1.000000e-10	9.947431e-01	1.010996e+00	-5.581040e-01	0.000000e+00	5.603667e-08	6.516014e-07	5.718164e-08	-3.716467e-09	2.295750e+01	1.488175e-21	
9.135916e-01	-1.472997e-02	9.890074e-01	0.000000e+00	0.000000e+00	2.490054e+00	1.000000e-10	9.960214e-01	1.007092e+00	-4.223922e-01	0.000000e+00	5.587057e-08	-3.361738e-06	-4.942274e-07	-1.788004e-09	3.038993e+01	1.532758e-21	
9.044858e-01	-1.605795e-02	9.889552e-01	0.000000e+00	0.000000e+00	2.489955e+00	1.000000e-10	9.959819e-01	1.007105e+00	-4.265875e-01	0.000000e+00	5.587113e-08	-3.194804e-06	-4.658462e-07	-1.796552e-09	3.100409e+01	1.532389e-21	
8.949768e-01	-1.744426e-02	9.889125e-01	0.000000e+00	0.000000e+00	2.489870e+00	1.000000e-10	9.959482e-01	1.007115e+00	-4.301680e-01	0.000000e+00	5.587153e-08	-3.012095e-06	-4.388761e-07	-1.723333e-09	3.139341e+01	1.532091e-21	
8.850746e-01	-1.888626e-02	9.888770e-01	0.000000e+00	0.000000e+00	2.489799e+00	1.000000e-10	9.959198e-01	1.007122e+00	-4.331807e-01	0.000000e+00	5.587185e-08	-2.824516e-06	-4.099799e-07	-1.621086e-09	3.159119e+01	1.531846e-21	
5.287140e-01	-6.153317e-02	9.840724e-01	0.000000e+00	0.000000e+00	2.487118e+00	1.000000e-10	9.948473e-01	1.010949e+00	-5.470458e-01	0.000000e+00	5.603468e-08	4.675055e-07	4.252932e-08	-3.126374e-09	1.942536e+01	1.489232e-21	
5.444634e-01	-6.007549e-02	9.843547e-01	0.000000e+00	0.000000e+00	2.487327e+00	1.000000e-10	9.949307e-01	1.010744e+00	-5.381837e-01	0.000000e+00	5.602596e-08	2.861486e-07	2.692214e-08	-1.368190e-09	1.517334e+01	1.491638e-21	
8.747810e-01	-2.037569e-02	9.888484e-01	0.000000e+00	0.000000e+00	2.489744e+00	1.000000e-10	9.958977e-01	1.007129e+00	-4.355284e-01	0.000000e+00	5.587214e-08	-2.639802e-06	-3.796711e-07	-1.526447e-09	3.163731e+01	1.531645e-21	
8.641183e-01	-2.190030e-02	9.888264e-01	0.000000e+00	0.000000e+00	2.489705e+00	1.000000e-10	9.958819e-01	1.007135e+00	-4.372071e-01	0.000000e+00	5.587241e-08	-2.464596e-06	-3.500194e-07	-1.444811e-09	3.159621e+01	1.531485e-21	
8.531071e-01	-2.345380e-02	9.888118e-01	0.000000e+00	0.000000e+00	2.489684e+00	1.000000e-10	9.958737e-01	1.007142e+00	-4.380725e-01	0.000000e+00	5.587269e-08	-2.306313e-06	-3.233289e-07	-1.383902e-09	3.156100e+01	1.531372e-21	
5.601618e-01	-5.857442e-02	9.851206e-01	0.000000e+00	0.000000e+00	2.487550e+00	1.000000e-10	9.950200e-01	1.010049e+00	-5.287044e-01	0.000000e+00	5.599641e-08	1.063546e-07	1.032638e-08	3.100978e-09	9.229047e+00	1.498656e-21	
5.758093e-01	-5.703199e-02	9.865061e-01	0.000000e+00	0.000000e+00	2.487732e+00	1.000000e-10	9.950928e-01	1.008704e+00	-5.209827e-01	0.000000e+00	5.593920e-08	-7.066993e-08	-7.066023e-09	9.782970e-09	7.502782e+00	1.511734e-21	
5.913759e-01	-5.545344e-02	9.878480e-01	0.000000e+00	0.000000e+00	2.487951e+00	1.000000e-10	9.951804e-01	1.007423e+00	-5.116812e-01	0.000000e+00	5.588465e-08	-2.414320e-07	-2.480898e-08	1.222611e-08	1.381303e+01	1.524432e-21	
6.068516e-01	-5.384215e-02	9.883926e-01	0.000000e+00	0.000000e+00	2.488115e+00	1.000000e-10	9.952459e-01	1.006934e+00	-5.047208e-01	0.000000e+00	5.586383e-08	-4.040037e-07	-4.258515e-08	8.394977e-09	1.776640e+01	1.529505e-21	
6.222166e-01	-5.220258e-02	9.883432e-01	0.000000e+00	0.000000e+00	2.488246e+00	1.000000e-10	9.952983e-01	1.007037e+00	-4.991611e-01	0.000000e+00	5.586824e-08	-5.556498e-07	-5.998175e-08	3.050261e-09	2.067490e+01	1.528837e-21	
6.374610e-01	-5.053791e-02	9.882381e-01	0.000000e+00	0.000000e+00	2.488396e+00	1.000000e-10	9.953582e-01	1.007205e+00	-4.927989e-01	0.000000e+00	5.587538e-08	-7.019715e-07	-7.749076e-08	-2.238405e-10	2.304621e+01	1.527601e-21	
6.525746e-01	-4.885135e-02	9.882311e-01	0.000000e+00	0.000000e+00	2.488528e+00	1.000000e-10	9.954113e-01	1.007266e+00	-4.871610e-01	0.000000e+00	5.587797e-08	-8.450852e-07	-9.526780e-08	-1.363506e-09	2.504410e+01	1.527345e-21	
6.675378e-01	-4.714730e-02	9.882712e-01	0.000000e+00	0.000000e+00	2.488642e+00	1.000000e-10	9.954568e-01	1.007271e+00	-4.823329e-01	0.000000e+00	5.587819e-08	-9.862694e-07	-1.133841e-07	-1.558362e-09	2.676142e+01	1.527575e-21	
8.417267e-01	-2.503945e-02	9.888026e-01	0.000000e+00	0.000000e+00	2.489680e+00	1.000000e-10	9.958719e-01	1.007149e+00	-4.382636e-01	0.000000e+00	5.587301e-08	-2.172810e-06	-3.010086e-07	-1.356839e-09	3.153027e+01	1.531289e-21	
6.823305e-01	-4.543054e-02	9.883221e-01	0.000000e+00	0.000000e+00	2.488754e+00	1.000000e-10	9.955017e-01	1.007264e+00	-4.775692e-01	0.000000e+00	5.587791e-08	-1.124638e-06	-1.316622e-07	-1.574482e-09	2.858948e+01	1.527912e-21	
6.969429e-01	-4.370482e-02	9.883753e-01	0.000000e+00	0.000000e+00	2.488871e+00	1.000000e-10	9.955483e-01	1.007257e+00	-4.726161e-01	0.000000e+00	5.587762e-08	-1.258038e-06	-1.497758e-07	-1.596613e-09	2.986825e+01	1.528266e-21	
8.300163e-01	-2.665266e-02	9.887946e-01	0.000000e+00	0.000000e+00	2.489681e+00	1.000000e-10	9.958724e-01	1.007158e+00	-4.382152e-01	0.000000e+00	5.587338e-08	-2.068046e-06	-2.833254e-07	-1.365511e-09	3.161661e+01	1.531209e-21	
8.179855e-01	-2.829203e-02	9.887817e-01	0.000000e+00	0.000000e+00	2.489673e+00	1.000000e-10	9.958692e-01	1.007168e+00	-4.385485e-01	0.000000e+00	5.587381e-08	-1.989645e-06	-2.695533e-07	-1.410789e-09	3.184808e+01	1.531094e-21	
8.056245e-01	-2.995722e-02	9.887573e-01	0.000000e+00	0.000000e+00	2.489639e+00	1.000000e-10	9.958555e-01	1.007179e+00	-4.400096e-01	0.000000e+00	5.587427e-08	-1.929269e-06	-2.583165e-07	-1.474897e-09	3.212638e+01	1.530905e-21	
7.929635e-01	-3.164231e-02	9.887191e-01	0.000000e+00	0.000000e+00	2.489568e+00	1.000000e-10	9.958272e-01	1.007189e+00	-4.430120e-01	0.000000e+00	5.587471e-08	-1.872941e-06	-2.476751e-07	-1.522871e-09	3.236446e+01	1.530632e-21	
7.113652e-01	-4.197382e-02	9.884346e-01	0.000000e+00	0.000000e+00	2.489002e+00	1.000000e-10	9.956008e-01	1.007250e+00	-4.670482e-01	0.000000e+00	5.587730e-08	-1.380084e-06	-1.669322e-07	-1.623259e-09	3.088623e+01	1.528658e-21	
7.255673e-01	-4.024247e-02	9.884942e-01	0.000000e+00	0.000000e+00	2.489129e+00	1.000000e-10	9.956517e-01	1.007241e+00	-4.616408e-01	0.000000e+00	5.587691e-08	-1.484665e-06	-1.824075e-07	-1.621567e-09	3.155675e+01	1.529060e-21	
7.395493e-01	-3.851109e-02	9.885456e-01	0.000000e+00	0.000000e+00	2.489231e+00	1.000000e-10	9.956922e-01	1.007229e+00	-4.573422e-01	0.000000e+00	5.587642e-08	-1.571678e-06	-1.961488e-07	-1.586654e-09	3.196993e+01	1.529417e-21	
7.533007e-01	-3.678129e-02	9.885866e-01	0.000000e+00	0.000000e+00	2.489306e+00	1.000000e-10	9.957223e-01	1.007218e+00	-4.541424e-01	0.000000e+00	5.587594e-08	-1.653052e-06	-2.095416e-07	-1.555501e-09	3.225062e+01	1.529711e-21	
7.800126e-01	-3.334409e-02	9.886724e-01	0.000000e+00	0.000000e+00	2.489474e+00	1.000000e-10	9.957896e-01	1.007199e+00	-4.470037e-01	0.000000e+00	5.587511e-08	-1.808491e-06	-2.360143e-07	-1.542510e-09	3.246335e+01	1.530310e-21	
7.667917e-01	-3.505782e-02	9.886267e-01	0.000000e+00	0.000000e+00	2.489381e+00	1.000000e-10	9.957525e-01	1.007208e+00	-4.509403e-01	0.000000e+00	5.587550e-08	-1.733599e-06	-2.230732e-07	-1.540930e-09	3.242268e+01	1.529995e-21	
9.877604e-01	1.283601e-03	9.884393e-01	0.000000e+00	0.000000e+00	2.496564e+00	1.000000e-10	9.986256e-01	1.010305e+00	-1.459182e-01	0.000000e+00	5.600731e-08	2.765292e-05	-2.924746e-06	-8.266366e-08	3.022150e+01	1.518067e-21	
1.760878e-02	1.482543e-02	1.006872e+00	0.000000e+00	0.000000e+00	2.531220e+00	1.000000e-10	1.012488e+00	1.005578e+00	1.325800e+00	0.000000e+00	5.580606e-08	-1.758689e-05	-6.757033e-06	-1.665613e-07	3.808711e+01	1.652258e-21	
9.840273e-01	1.679241e-03	9.883180e-01	0.000000e+00	0.000000e+00	2.496340e+00	1.000000e-10	9.985362e-01	1.010339e+00	-1.554091e-01	0.000000e+00	5.600874e-08	2.543923e-05	-2.702840e-06	-7.709801e-08	3.356191e+01	1.517205e-21	
2.276958e-02	1.661530e-02	1.007516e+00	0.000000e+00	0.000000e+00	2.531187e+00	1.000000e-10	1.012475e+00	1.004922e+00	1.324392e+00	0.000000e+00	5.577811e-08	-6.376974e-06	-2.006134e-06	-1.139219e-07	2.496150e+01	1.658979e-21	
9.798218e-01	2.127050e-03	9.882124e-01	0.000000e+00	0.000000e+00	2.496223e+00	1.000000e-10	9.984890e-01	1.010399e+00	-1.604170e-01	0.000000e+00	5.601129e-08	2.399659e-05	-2.561893e-06	-7.557547e-08	3.694317e+01	1.516350e-21	
2.839752e-02	1.821947e-02	1.007381e+00	0.000000e+00	0.000000e+00	2.529582e+00	1.000000e-10	1.011833e+00	1.004419e+00	1.256257e+00	0.000000e+00	5.575666e-08	1.660071e-06	4.343499e-07	-7.628706e-08	1.382128e+01	1.660008e-21	
9.751241e-01	2.629750e-03	9.881220e-01	0.000000e+00	0.000000e+00	2.496177e+00	1.000000e-10	9.984707e-01	1.010473e+00	-1.623572e-01	0.000000e+00	5.601444e-08	2.297371e-05	-2.464905e-06	-7.589216e-08	4.047354e+01	1.515540e-21	
3.448975e-02	1.968183e-02	1.006893e+00	0.000000e+00	0.000000e+00	2.527710e+00	1.000000e-10	1.011084e+00	1.004162e+00	1.176760e+00	0.000000e+00	5.574572e-08	7.349872e-06	1.635100e-06	-5.713875e-08	3.150826e+01	1.657768e-21	
4.102846e-02	2.102942e-02	1.006268e+00	0.000000e+00	0.000000e+00	2.525897e+00	1.000000e-10	1.010359e+00	1.004065e+00	1.099772e+00	0.000000e+00	5.574158e-08	1.130572e-05	2.177944e-06	-4.923580e-08	4.210370e+01	1.654025e-21	
9.699646e-01	3.184656e-03	9.880455e-01	0.000000e+00	0.000000e+00	2.496163e+00	1.000000e-10	9.984653e-01	1.010546e+00	-1.629344e-01	0.000000e+00	5.601753e-08	2.219401e-05	-2.393221e-06	-7.666940e-08	4.383934e+01	1.514819e-21	
4.800083e-02	2.228462e-02	1.005562e+00	0.000000e+00	0.000000e+00	2.524327e+00	1.000000e-10	1.009731e+00	1.004146e+00	1.033101e+00	0.000000e+00	5.574502e-08	1.391622e-05	2.378677e-06	-4.911932e-08	5.011293e+01	1.649081e-21	
9.643233e-01	3.794419e-03	9.879777e-01	0.000000e+00	0.000000e+00	2.496170e+00	1.000000e-10	9.984680e-01	1.010618e+00	-1.626484e-01	0.000000e+00	5.602059e-08	2.155932e-05	-2.336223e-06	-7.766755e-08	4.721674e+01	1.514155e-21	
9.582206e-01	4.457264e-03	9.879187e-01	0.000000e+00	0.000000e+00	2.496188e+00	1.000000e-10	9.984753e-01	1.010686e+00	-1.618665e-01	0.000000e+00	5.602348e-08	2.102405e-05	-2.288904e-06	-7.864396e-08	5.052224e+01	1.513560e-21	
5.539959e-02	2.348586e-02	1.004827e+00	0.000000e+00	0.000000e+00	2.522955e+00	1.000000e-10	1.009182e+00	1.004334e+00	9.748014e-01	0.000000e+00	5.575305e-08	1.558705e-05	2.423831e-06	-5.240153e-08	5.645910e+01	1.643555e-21	
6.321385e-02	2.465028e-02	1.004116e+00	0.000000e+00	0.000000e+00	2.521745e+00	1.000000e-10	1.008698e+00	1.004563e+00	9.234146e-01	0.000000e+00	5.576283e-08	1.665603e-05	2.392408e-06	-5.610379e-08	6.192691e+01	1.638043e-21	
9.516567e-01	5.173442e-03	9.878686e-01	0.000000e+00	0.000000e+00	2.496215e+00	1.000000e-10	9.984859e-01	1.010748e+00	-1.607473e-01	0.000000e+00	5.602611e-08	2.056216e-05	-2.248249e-06	-7.949323e-08	5.373040e+01	1.513040e-21	
7.143541e-02	2.578918e-02	1.003448e+00	0.000000e+00	0.000000e+00	2.520693e+00	1.000000e-10	1.008277e+00	1.004813e+00	8.787785e-01	0.000000e+00	5.577347e-08	1.734769e-05	2.336828e-06	-5.956314e-08	6.677507e+01	1.632755e-21	
9.446419e-01	5.941954e-03	9.878277e-01	0.000000e+00	0.000000e+00	2.496248e+00	1.000000e-10	9.984990e-01	1.010803e+00	-1.593543e-01	0.000000e+00	5.602845e-08	2.015661e-05	-2.212202e-06	-8.018460e-08	5.689122e+01	1.512599e-21	
9.371863e-01	6.761586e-03	9.877971e-01	0.000000e+00	0.000000e+00	2.496288e+00	1.000000e-10	9.985153e-01	1.010851e+00	-1.576246e-01	0.000000e+00	5.603049e-08	1.979744e-05	-2.179444e-06	-8.070755e-08	5.993844e+01	1.512247e-21	
8.006504e-02	2.692023e-02	1.002815e+00	0.000000e+00	0.000000e+00	2.519748e+00	1.000000e-10	1.007899e+00	1.005070e+00	8.386310e-01	0.000000e+00	5.578442e-08	1.780346e-05	2.282553e-06	-6.263224e-08	7.112489e+01	1.627682e-21	
9.293001e-01	7.630880e-03	9.877825e-01	0.000000e+00	0.000000e+00	2.496353e+00	1.000000e-10	9.985411e-01	1.010892e+00	-1.548830e-01	0.000000e+00	5.603223e-08	1.947337e-05	-2.148499e-06	-8.108726e-08	6.292306e+01	1.512016e-21	
9.209736e-01	8.550330e-03	9.877867e-01	0.000000e+00	0.000000e+00	2.496447e+00	1.000000e-10	9.985786e-01	1.010925e+00	-1.509003e-01	0.000000e+00	5.603367e-08	1.916293e-05	-2.116733e-06	-8.127633e-08	6.585468e+01	1.511926e-21	
8.908376e-02	2.805185e-02	1.002208e+00	0.000000e+00	0.000000e+00	2.518866e+00	1.000000e-10	1.007546e+00	1.005327e+00	8.011739e-01	0.000000e+00	5.579538e-08	1.809992e-05	2.234733e-06	-6.529770e-08	7.514896e+01	1.622785e-21	
9.849255e-02	2.919541e-02	1.001629e+00	0.000000e+00	0.000000e+00	2.518051e+00	1.000000e-10	1.007220e+00	1.005582e+00	7.665566e-01	0.000000e+00	5.580624e-08	1.829322e-05	2.200959e-06	-6.763690e-08	7.884940e+01	1.618099e-21	
1.082819e-01	3.036168e-02	1.001075e+00	0.000000e+00	0.000000e+00	2.517285e+00	1.000000e-10	1.006914e+00	1.005833e+00	7.340135e-01	0.000000e+00	5.581693e-08	1.843306e-05	2.174868e-06	-6.977526e-08	8.226301e+01	1.613590e-21	
9.122368e-01	9.515688e-03	9.878068e-01	0.000000e+00	0.000000e+00	2.496556e+00	1.000000e-10	9.986225e-01	1.010949e+00	-1.462398e-01	0.000000e+00	5.603468e-08	1.885407e-05	-2.082551e-06	-8.118259e-08	6.859482e+01	1.511967e-21	
9.030800e-01	1.052680e-02	9.878323e-01	0.000000e+00	0.000000e+00	2.496661e+00	1.000000e-10	9.986643e-01	1.010965e+00	-1.418015e-01	0.000000e+00	5.603537e-08	1.854661e-05	-2.045680e-06	-8.088648e-08	7.124225e+01	1.512067e-21	
1.184338e-01	3.154822e-02	1.000537e+00	0.000000e+00	0.000000e+00	2.516525e+00	1.000000e-10	1.006610e+00	1.006070e+00	7.017455e-01	0.000000e+00	5.582703e-08	1.854244e-05	2.143516e-06	-7.154452e-08	8.538362e+01	1.609250e-21	
1.289607e-01	3.275217e-02	1.000018e+00	0.000000e+00	0.000000e+00	2.515794e+00	1.000000e-10	1.006318e+00	1.006300e+00	6.707329e-01	0.000000e+00	5.583682e-08	1.863199e-05	2.103940e-06	-7.314683e-08	8.543738e+01	1.605071e-21	
8.935230e-01	1.157981e-02	9.878633e-01	0.000000e+00	0.000000e+00	2.496761e+00	1.000000e-10	9.987044e-01	1.010974e+00	-1.375464e-01	0.000000e+00	5.603574e-08	1.824687e-05	-2.006573e-06	-8.041807e-08	7.375850e+01	1.512227e-21	
8.835761e-01	1.267160e-02	9.878908e-01	0.000000e+00	0.000000e+00	2.496844e+00	1.000000e-10	9.987375e-01	1.010980e+00	-1.340324e-01	0.000000e+00	5.603597e-08	1.796111e-05	-1.965687e-06	-7.991801e-08	7.614096e+01	1.512377e-21	
8.732390e-01	1.379972e-02	9.879149e-01	0.000000e+00	0.000000e+00	2.496911e+00	1.000000e-10	9.987644e-01	1.010982e+00	-1.311745e-01	0.000000e+00	5.603608e-08	1.769334e-05	-1.923236e-06	-7.942111e-08	7.849481e+01	1.512515e-21	
8.625319e-01	1.495907e-02	9.879228e-01	0.000000e+00	0.000000e+00	2.496933e+00	1.000000e-10	9.987733e-01	1.010983e+00	-1.302295e-01	0.000000e+00	5.603612e-08	1.745458e-05	-1.880178e-06	-7.898154e-08	8.072842e+01	1.512561e-21	
8.514746e-01	1.614414e-02	9.879263e-01	0.000000e+00	0.000000e+00	2.496953e+00	1.000000e-10	9.987813e-01	1.010988e+00	-1.293880e-01	0.000000e+00	5.603631e-08	1.726006e-05	-1.837833e-06	-7.878143e-08	8.290656e+01	1.512566e-21	
1.398350e-01	3.396487e-02	9.995096e-01	0.000000e+00	0.000000e+00	2.515079e+00	1.000000e-10	1.006032e+00	1.006525e+00	6.403603e-01	0.000000e+00	5.584643e-08	1.871302e-05	2.053314e-06	-7.466069e-08	8.791426e+01	1.600982e-21	
8.400470e-01	1.735324e-02	9.879507e-01	0.000000e+00	0.000000e+00	2.497034e+00	1.000000e-10	9.988137e-01	1.010996e+00	-1.259403e-01	0.000000e+00	5.603665e-08	1.710829e-05	-1.795722e-06	-7.879685e-08	8.514652e+01	1.512689e-21	
8.282887e-01	1.857778e-02	9.879971e-01	0.000000e+00	0.000000e+00	2.497141e+00	1.000000e-10	9.988565e-01	1.010991e+00	-1.213975e-01	0.000000e+00	5.603647e-08	1.696391e-05	-1.749750e-06	-7.856342e-08	8.726359e+01	1.512988e-21	
8.162097e-01	1.981195e-02	9.880216e-01	0.000000e+00	0.000000e+00	2.497199e+00	1.000000e-10	9.988797e-01	1.010990e+00	-1.189335e-01	0.000000e+00	5.603640e-08	1.683360e-05	-1.700352e-06	-7.845157e-08	8.929955e+01	1.513143e-21	
8.037995e-01	2.105143e-02	9.880574e-01	0.000000e+00	0.000000e+00	2.497286e+00	1.000000e-10	9.989143e-01	1.010988e+00	-1.152606e-01	0.000000e+00	5.603633e-08	1.674648e-05	-1.650136e-06	-7.847681e-08	9.139303e+01	1.513368e-21	
7.910878e-01	2.228737e-02	9.881222e-01	0.000000e+00	0.000000e+00	2.497435e+00	1.000000e-10	9.989741e-01	1.010982e+00	-1.089205e-01	0.000000e+00	5.603609e-08	1.668427e-05	-1.596773e-06	-7.855321e-08	9.342222e+01	1.513785e-21	
7.780842e-01	2.351252e-02	9.882073e-01	0.000000e+00	0.000000e+00	2.497632e+00	1.000000e-10	9.990527e-01	1.010975e+00	-1.005701e-01	0.000000e+00	5.603577e-08	1.661097e-05	-1.536541e-06	-7.861854e-08	9.531807e+01	1.514332e-21	
7.648082e-01	2.471827e-02	9.883099e-01	0.000000e+00	0.000000e+00	2.497842e+00	1.000000e-10	9.991366e-01	1.010955e+00	-9.165868e-02	0.000000e+00	5.603492e-08	1.652443e-05	-1.469131e-06	-7.839866e-08	9.710081e+01	1.515030e-21	
7.512594e-01	2.589742e-02	9.884110e-01	0.000000e+00	0.000000e+00	2.498056e+00	1.000000e-10	9.992223e-01	1.010938e+00	-8.256264e-02	0.000000e+00	5.603421e-08	1.643646e-05	-1.396593e-06	-7.828077e-08	1.006403e+02	1.515708e-21	
7.374473e-01	2.704310e-02	9.885329e-01	0.000000e+00	0.000000e+00	2.498294e+00	1.000000e-10	9.993177e-01	1.010910e+00	-7.243241e-02	0.000000e+00	5.603301e-08	1.634015e-05	-1.325820e-06	-7.794572e-08	1.020366e+02	1.516553e-21	
7.234027e-01	2.815767e-02	9.886482e-01	0.000000e+00	0.000000e+00	2.498514e+00	1.000000e-10	9.994055e-01	1.010881e+00	-6.311610e-02	0.000000e+00	5.603177e-08	1.624435e-05	-1.266544e-06	-7.764277e-08	1.033942e+02	1.517361e-21	
7.091370e-01	2.925041e-02	9.887715e-01	0.000000e+00	0.000000e+00	2.498726e+00	1.000000e-10	9.994902e-01	1.010840e+00	-5.412024e-02	0.000000e+00	5.603005e-08	1.615333e-05	-1.221687e-06	-7.718171e-08	1.047644e+02	1.518258e-21	
6.946514e-01	3.033216e-02	9.888836e-01	0.000000e+00	0.000000e+00	2.498916e+00	1.000000e-10	9.995665e-01	1.010803e+00	-4.602825e-02	0.000000e+00	5.602846e-08	1.608144e-05	-1.187869e-06	-7.690229e-08	1.059604e+02	1.519077e-21	
6.799765e-01	3.140438e-02	9.890116e-01	0.000000e+00	0.000000e+00	2.499122e+00	1.000000e-10	9.996489e-01	1.010755e+00	-3.727902e-02	0.000000e+00	5.602644e-08	1.602759e-05	-1.156556e-06	-7.654663e-08	1.071499e+02	1.520028e-21	
6.651222e-01	3.246299e-02	9.891360e-01	0.000000e+00	0.000000e+00	2.499331e+00	1.000000e-10	9.997325e-01	1.010713e+00	-2.840061e-02	0.000000e+00	5.602463e-08	1.599299e-05	-1.123637e-06	-7.639512e-08	1.082208e+02	1.520940e-21	
6.500985e-01	3.350355e-02	9.892779e-01	0.000000e+00	0.000000e+00	2.499563e+00	1.000000e-10	9.998250e-01	1.010661e+00	-1.857888e-02	0.000000e+00	5.602244e-08	1.597003e-05	-1.088404e-06	-7.616480e-08	1.092153e+02	1.521991e-21	
1.510494e-01	3.517588e-02	9.990065e-01	0.000000e+00	0.000000e+00	2.514366e+00	1.000000e-10	1.005747e+00	1.006747e+00	6.100888e-01	0.000000e+00	5.585587e-08	1.878541e-05	1.986938e-06	-7.609046e-08	9.030152e+01	1.596952e-21	
1.626065e-01	3.637341e-02	9.985119e-01	0.000000e+00	0.000000e+00	2.513657e+00	1.000000e-10	1.005463e+00	1.006961e+00	5.799734e-01	0.000000e+00	5.586501e-08	1.884508e-05	1.902185e-06	-7.737265e-08	9.261666e+01	1.593009e-21	
1.744990e-01	3.754284e-02	9.980231e-01	0.000000e+00	0.000000e+00	2.512943e+00	1.000000e-10	1.005177e+00	1.007168e+00	5.496335e-01	0.000000e+00	5.587381e-08	1.889199e-05	1.796341e-06	-7.849579e-08	9.484715e+01	1.589141e-21	
1.867094e-01	3.866523e-02	9.975346e-01	0.000000e+00	0.000000e+00	2.512208e+00	1.000000e-10	1.004883e+00	1.007367e+00	5.184223e-01	0.000000e+00	5.588227e-08	1.891779e-05	1.665504e-06	-7.944313e-08	9.691038e+01	1.585312e-21	
1.992298e-01	3.972011e-02	9.970479e-01	0.000000e+00	0.000000e+00	2.511448e+00	1.000000e-10	1.004579e+00	1.007553e+00	4.861464e-01	0.000000e+00	5.589022e-08	1.890944e-05	1.507679e-06	-8.009758e-08	9.891427e+01	1.581545e-21	
2.120425e-01	4.068508e-02	9.965735e-01	0.000000e+00	0.000000e+00	2.510696e+00	1.000000e-10	1.004279e+00	1.007732e+00	4.542382e-01	0.000000e+00	5.589780e-08	1.885439e-05	1.331564e-06	-8.049332e-08	1.007506e+02	1.577895e-21	
2.251485e-01	4.155058e-02	9.961280e-01	0.000000e+00	0.000000e+00	2.509999e+00	1.000000e-10	1.004000e+00	1.007902e+00	4.246147e-01	0.000000e+00	5.590506e-08	1.875634e-05	1.155703e-06	-8.065398e-08	1.025297e+02	1.574462e-21	
2.385278e-01	4.231701e-02	9.957135e-01	0.000000e+00	0.000000e+00	2.509366e+00	1.000000e-10	1.003746e+00	1.008067e+00	3.977373e-01	0.000000e+00	5.591210e-08	1.863405e-05	9.907292e-07	-8.070179e-08	1.042291e+02	1.571249e-21	
6.349251e-01	3.452101e-02	9.894188e-01	0.000000e+00	0.000000e+00	2.499800e+00	1.000000e-10	9.999199e-01	1.010613e+00	-8.506852e-03	0.000000e+00	5.602040e-08	1.595929e-05	-1.051105e-06	-7.608796e-08	1.101207e+02	1.523025e-21	
6.196221e-01	3.551077e-02	9.895777e-01	0.000000e+00	0.000000e+00	2.500059e+00	1.000000e-10	1.000024e+00	1.010556e+00	2.521039e-03	0.000000e+00	5.601796e-08	1.595363e-05	-1.011410e-06	-7.590385e-08	1.109240e+02	1.524202e-21	
6.041995e-01	3.646892e-02	9.897328e-01	0.000000e+00	0.000000e+00	2.500316e+00	1.000000e-10	1.000126e+00	1.010501e+00	1.340825e-02	0.000000e+00	5.601564e-08	1.595258e-05	-9.694289e-07	-7.582308e-08	1.116979e+02	1.525348e-21	
5.886675e-01	3.739186e-02	9.898876e-01	0.000000e+00	0.000000e+00	2.500550e+00	1.000000e-10	1.000220e+00	1.010438e+00	2.333617e-02	0.000000e+00	5.601294e-08	1.595467e-05	-9.260369e-07	-7.563671e-08	1.123309e+02	1.526524e-21	
5.730462e-01	3.827711e-02	9.900175e-01	0.000000e+00	0.000000e+00	2.500726e+00	1.000000e-10	1.000291e+00	1.010377e+00	3.085011e-02	0.000000e+00	5.601034e-08	1.597930e-05	-8.833861e-07	-7.561145e-08	1.129569e+02	1.527538e-21	
5.573456e-01	3.912344e-02	9.901638e-01	0.000000e+00	0.000000e+00	2.500941e+00	1.000000e-10	1.000377e+00	1.010314e+00	3.997584e-02	0.000000e+00	5.600768e-08	1.603940e-05	-8.422371e-07	-7.571950e-08	1.135523e+02	1.528658e-21	
5.415962e-01	3.992857e-02	9.903404e-01	0.000000e+00	0.000000e+00	2.501233e+00	1.000000e-10	1.000493e+00	1.010252e+00	5.234256e-02	0.000000e+00	5.600502e-08	1.611543e-05	-8.003546e-07	-7.596441e-08	1.140894e+02	1.529967e-21	
5.257978e-01	4.069022e-02	9.905370e-01	0.000000e+00	0.000000e+00	2.501564e+00	1.000000e-10	1.000625e+00	1.010185e+00	6.639927e-02	0.000000e+00	5.600218e-08	1.618285e-05	-7.549096e-07	-7.616283e-08	1.144856e+02	1.531415e-21	
5.099806e-01	4.140339e-02	9.907355e-01	0.000000e+00	0.000000e+00	2.501884e+00	1.000000e-10	1.000754e+00	1.010112e+00	8.000438e-02	0.000000e+00	5.599908e-08	1.624350e-05	-7.053012e-07	-7.626252e-08	1.147669e+02	1.532898e-21	
4.941447e-01	4.206462e-02	9.909208e-01	0.000000e+00	0.000000e+00	2.502163e+00	1.000000e-10	1.000865e+00	1.010035e+00	9.184457e-02	0.000000e+00	5.599583e-08	1.631174e-05	-6.522868e-07	-7.636486e-08	1.149376e+02	1.534312e-21	
4.783200e-01	4.266946e-02	9.911063e-01	0.000000e+00	0.000000e+00	2.502429e+00	1.000000e-10	1.000972e+00	1.009954e+00	1.031485e-01	0.000000e+00	5.599236e-08	1.639898e-05	-5.964021e-07	-7.647266e-08	1.150474e+02	1.535746e-21	
4.625167e-01	4.321487e-02	9.912957e-01	0.000000e+00	0.000000e+00	2.502708e+00	1.000000e-10	1.001083e+00	1.009873e+00	1.149834e-01	0.000000e+00	5.598893e-08	1.650623e-05	-5.376617e-07	-7.673206e-08	1.151733e+02	1.537203e-21	
4.467450e-01	4.369797e-02	9.914982e-01	0.000000e+00	0.000000e+00	2.503023e+00	1.000000e-10	1.001209e+00	1.009794e+00	1.283904e-01	0.000000e+00	5.598558e-08	1.662502e-05	-4.755546e-07	-7.713627e-08	1.151630e+02	1.538736e-21	
4.310348e-01	4.411540e-02	9.917155e-01	0.000000e+00	0.000000e+00	2.503357e+00	1.000000e-10	1.001343e+00	1.009708e+00	1.425764e-01	0.000000e+00	5.598190e-08	1.674920e-05	-4.092685e-07	-7.750081e-08	1.150893e+02	1.540389e-21	
4.153863e-01	4.446422e-02	9.919440e-01	0.000000e+00	0.000000e+00	2.503709e+00	1.000000e-10	1.001484e+00	1.009617e+00	1.575066e-01	0.000000e+00	5.597804e-08	1.688060e-05	-3.383269e-07	-7.789262e-08	1.149128e+02	1.542128e-21	
3.998196e-01	4.474103e-02	9.921870e-01	0.000000e+00	0.000000e+00	2.504076e+00	1.000000e-10	1.001631e+00	1.009518e+00	1.731063e-01	0.000000e+00	5.597382e-08	1.701813e-05	-2.625073e-07	-7.823626e-08	1.146077e+02	1.543990e-21	
2.521697e-01	4.298724e-02	9.953221e-01	0.000000e+00	0.000000e+00	2.508767e+00	1.000000e-10	1.003507e+00	1.008223e+00	3.723032e-01	0.000000e+00	5.591873e-08	1.849915e-05	8.376132e-07	-8.060950e-08	1.057680e+02	1.568223e-21	
2.660640e-01	4.356382e-02	9.949500e-01	0.000000e+00	0.000000e+00	2.508201e+00	1.000000e-10	1.003280e+00	1.008373e+00	3.482589e-01	0.000000e+00	5.592509e-08	1.835669e-05	6.942535e-07	-8.045679e-08	1.071250e+02	1.565344e-21	
3.843548e-01	4.494289e-02	9.924462e-01	0.000000e+00	0.000000e+00	2.504467e+00	1.000000e-10	1.001787e+00	1.009412e+00	1.896919e-01	0.000000e+00	5.596930e-08	1.716101e-05	-1.815448e-07	-7.855266e-08	1.142356e+02	1.545978e-21	
2.801808e-01	4.404662e-02	9.945903e-01	0.000000e+00	0.000000e+00	2.507661e+00	1.000000e-10	1.003064e+00	1.008520e+00	3.253447e-01	0.000000e+00	5.593138e-08	1.820921e-05	5.589198e-07	-8.031571e-08	1.083778e+02	1.562555e-21	
3.690119e-01	4.506694e-02	9.927181e-01	0.000000e+00	0.000000e+00	2.504872e+00	1.000000e-10	1.001949e+00	1.009298e+00	2.068864e-01	0.000000e+00	5.596448e-08	1.730697e-05	-9.500711e-08	-7.882363e-08	1.137693e+02	1.548072e-21	
2.945201e-01	4.443726e-02	9.942460e-01	0.000000e+00	0.000000e+00	2.507146e+00	1.000000e-10	1.002858e+00	1.008662e+00	3.034721e-01	0.000000e+00	5.593742e-08	1.805908e-05	4.317967e-07	-8.011634e-08	1.095930e+02	1.559887e-21	
3.537911e-01	4.511067e-02	9.929993e-01	0.000000e+00	0.000000e+00	2.505289e+00	1.000000e-10	1.002116e+00	1.009181e+00	2.246190e-01	0.000000e+00	5.595947e-08	1.745521e-05	-2.804541e-09	-7.910324e-08	1.131887e+02	1.550243e-21	
3.387125e-01	4.507181e-02	9.932923e-01	0.000000e+00	0.000000e+00	2.505724e+00	1.000000e-10	1.002290e+00	1.009058e+00	2.430975e-01	0.000000e+00	5.595426e-08	1.760696e-05	9.537107e-08	-7.938515e-08	1.124298e+02	1.552507e-21	
3.238060e-01	4.494825e-02	9.935990e-01	0.000000e+00	0.000000e+00	2.506176e+00	1.000000e-10	1.002471e+00	1.008929e+00	2.622933e-01	0.000000e+00	5.594876e-08	1.775884e-05	2.003486e-07	-7.961175e-08	1.115845e+02	1.554884e-21	
3.090719e-01	4.473741e-02	9.939165e-01	0.000000e+00	0.000000e+00	2.506653e+00	1.000000e-10	1.002661e+00	1.008798e+00	2.825114e-01	0.000000e+00	5.594320e-08	1.790919e-05	3.124850e-07	-7.987611e-08	1.106881e+02	1.557337e-21	
5	4
4	9
9	26
26	30
30	34
34	40
40	42
42	43
43	44
44	48
48	49
49	53
53	58
58	74
47	41
41	35
35	31
31	27
27	10
10	5
74	75
75	78
78	81
81	82
82	87
87	88
88	89
89	90
90	93
93	94
94	95
95	104
104	107
107	108
108	109
109	110
110	115
115	116
116	114
114	113
113	112
112	111
111	106
106	105
105	103
103	102
102	101
101	100
100	99
99	98
98	97
97	96
96	92
92	91
91	86
86	85
85	84
84	83
83	80
80	79
16	15
15	14
14	13
13	12
12	11
11	7
7	6
6	1
1	2
2	3
3	8
8	24
24	28
28	32
32	36
36	37
37	45
45	50
50	118
118	120
120	122
122	124
124	125
125	127
127	130
130	131
131	133
133	136
136	139
175	166
166	165
165	164
164	163
163	162
162	161
161	160
160	159
159	158
158	157
157	156
156	155
155	154
154	153
153	152
152	150
150	149
149	148
148	147
147	146
146	143
143	142
142	138
138	137
137	135
135	134
134	132
132	129
129	128
128	126
126	123
123	121
121	119
119	117
117	47
79	77
77	76
76	73
73	72
72	71
71	70
70	69
69	68
68	67
67	66
66	65
65	64
64	63
63	62
62	61
61	60
60	59
59	57
57	56
56	55
55	54
54	52
52	51
51	46
46	39
39	38
38	33
33	29
29	25
25	23
23	22
22	21
21	20
20	19
19	18
18	17
17	16
139	140
140	141
141	144
144	145
145	151
151	167
167	168
168	169
169	170
170	171
171	172
172	173
173	174
174	191
191	192
192	194
194	196
196	200
200	199
199	198
198	197
197	195
195	193
193	190
190	189
189	188
188	187
187	186
186	185
185	184
184	183
183	182
182	181
181	180
180	179
179	178
178	177
177	176
176	175
