TITLE = "Visualization of the surface solution"
VARIABLES = "x""y""Conservative_1""Conservative_2""Conservative_3""Conservative_4""Conservative_5""Pressure""Temperature""C<sub>p</sub>""Mach""<greek>m</greek>""C<sub>f</sub>_x""C<sub>f</sub>_y""h""y<sup>+</sup>""<greek>m</greek><sub>t</sub>"
ZONE NODES= 200, ELEMENTS= 200, DATAPACKING=POINT, ZONETYPE=FELINESEG
5.717049e-03	-1.293798e-02	9.528961e-01	0.000000e+00	0.000000e+00	2.419637e+00	1.000000e-10	9.678547e-01	1.015698e+00	-3.412741e+00	0.000000e+00	5.623630e-08	1.212072e-04	-1.551309e-04	-1.111150e-06	7.010944e+01	1.295259e-21	
4.872499e-03	-1.181279e-02	9.541715e-01	0.000000e+00	0.000000e+00	2.420930e+00	1.000000e-10	9.683719e-01	1.014883e+00	-3.357828e+00	0.000000e+00	5.620171e-08	1.227790e-04	-1.670121e-04	-1.115001e-06	4.601562e+01	1.304614e-21	
4.046481e-03	-1.066556e-02	9.561933e-01	0.000000e+00	0.000000e+00	2.428760e+00	1.000000e-10	9.715041e-01	1.016012e+00	-3.025299e+00	0.000000e+00	5.624963e-08	1.216785e-04	-1.814429e-04	-1.410320e-06	4.063197e+01	1.312347e-21	
9.997525e-01	-6.028847e-05	9.883650e-01	0.000000e+00	0.000000e+00	2.489333e+00	1.000000e-10	9.957334e-01	1.007455e+00	-4.529696e-01	0.000000e+00	5.588603e-08	1.744757e-05	4.233533e-06	-2.979482e-07	2.731070e+00	1.527512e-21	
1.000000e+00	0.000000e+00	9.866750e-01	0.000000e+00	0.000000e+00	2.489448e+00	1.000000e-10	9.957794e-01	1.009227e+00	-4.480856e-01	0.000000e+00	5.596146e-08	-7.342347e-06	4.131344e-05	1.584199e-07	4.668949e+00	1.510965e-21	
7.514811e-03	-1.519464e-02	9.554305e-01	0.000000e+00	0.000000e+00	2.427006e+00	1.000000e-10	9.708024e-01	1.016089e+00	-3.099793e+00	0.000000e+00	5.625288e-08	1.152994e-04	-1.390453e-04	-1.019744e-06	7.861656e+01	1.307938e-21	
9.438181e-03	-1.742548e-02	9.566824e-01	0.000000e+00	0.000000e+00	2.429691e+00	1.000000e-10	9.718765e-01	1.015882e+00	-2.985761e+00	0.000000e+00	5.624411e-08	1.108162e-04	-1.234167e-04	-9.199290e-07	8.156283e+01	1.315422e-21	
2.460602e-03	-8.216247e-03	9.562152e-01	0.000000e+00	0.000000e+00	2.438280e+00	1.000000e-10	9.753121e-01	1.019971e+00	-2.621015e+00	0.000000e+00	5.641734e-08	1.263226e-04	-2.217699e-04	-2.015934e-06	5.496783e+01	1.300798e-21	
9.990097e-01	-2.402819e-04	9.895547e-01	0.000000e+00	0.000000e+00	2.489908e+00	1.000000e-10	9.959634e-01	1.006476e+00	-4.285520e-01	0.000000e+00	5.584435e-08	1.307744e-05	3.166466e-06	-2.283526e-08	7.869191e+00	1.538319e-21	
9.997469e-01	-2.869693e-05	9.862090e-01	0.000000e+00	0.000000e+00	2.491136e+00	1.000000e-10	9.964544e-01	1.010389e+00	-3.764268e-01	0.000000e+00	5.601085e-08	1.171735e-04	1.336430e-05	-7.003777e-08	1.303196e+01	1.504126e-21	
1.154471e-02	-1.968277e-02	9.570520e-01	0.000000e+00	0.000000e+00	2.430203e+00	1.000000e-10	9.720810e-01	1.015703e+00	-2.964048e+00	0.000000e+00	5.623653e-08	1.060350e-04	-1.089474e-04	-8.373978e-07	8.512844e+01	1.317988e-21	
1.391371e-02	-2.202394e-02	9.574518e-01	0.000000e+00	0.000000e+00	2.430568e+00	1.000000e-10	9.722272e-01	1.015432e+00	-2.948526e+00	0.000000e+00	5.622502e-08	1.010946e-04	-9.571008e-05	-7.548097e-07	8.097801e+01	1.321003e-21	
1.659091e-02	-2.446019e-02	9.579228e-01	0.000000e+00	0.000000e+00	2.431037e+00	1.000000e-10	9.724146e-01	1.015128e+00	-2.928631e+00	0.000000e+00	5.621214e-08	9.584725e-05	-8.361989e-05	-6.753610e-07	8.154336e+01	1.324514e-21	
1.962109e-02	-2.700322e-02	9.585024e-01	0.000000e+00	0.000000e+00	2.431762e+00	1.000000e-10	9.727047e-01	1.014817e+00	-2.897834e+00	0.000000e+00	5.619894e-08	9.033764e-05	-7.280649e-05	-6.011830e-07	8.239593e+01	1.328659e-21	
2.303657e-02	-2.965499e-02	9.592418e-01	0.000000e+00	0.000000e+00	2.432936e+00	1.000000e-10	9.731745e-01	1.014525e+00	-2.847955e+00	0.000000e+00	5.618653e-08	8.474845e-05	-6.335970e-05	-5.342461e-07	8.355039e+01	1.333647e-21	
2.685684e-02	-3.241282e-02	9.601890e-01	0.000000e+00	0.000000e+00	2.434571e+00	1.000000e-10	9.738283e-01	1.014205e+00	-2.778552e+00	0.000000e+00	5.617295e-08	7.934720e-05	-5.534505e-05	-4.726473e-07	8.506136e+01	1.339893e-21	
3.107132e-02	-3.525927e-02	9.611713e-01	0.000000e+00	0.000000e+00	2.436628e+00	1.000000e-10	9.746512e-01	1.014024e+00	-2.691183e+00	0.000000e+00	5.616530e-08	7.433254e-05	-4.852611e-05	-4.251371e-07	8.634156e+01	1.345935e-21	
3.571714e-02	-3.819703e-02	9.621381e-01	0.000000e+00	0.000000e+00	2.438782e+00	1.000000e-10	9.755127e-01	1.013901e+00	-2.599726e+00	0.000000e+00	5.616005e-08	6.976352e-05	-4.263970e-05	-3.846278e-07	8.791234e+01	1.351737e-21	
4.078516e-02	-4.119640e-02	9.629781e-01	0.000000e+00	0.000000e+00	2.440726e+00	1.000000e-10	9.762903e-01	1.013824e+00	-2.517162e+00	0.000000e+00	5.615679e-08	6.554409e-05	-3.751565e-05	-3.500440e-07	8.960552e+01	1.356700e-21	
4.629936e-02	-4.425401e-02	9.637364e-01	0.000000e+00	0.000000e+00	2.442532e+00	1.000000e-10	9.770129e-01	1.013776e+00	-2.440446e+00	0.000000e+00	5.615476e-08	6.148140e-05	-3.299572e-05	-3.197042e-07	9.096402e+01	1.361126e-21	
5.226126e-02	-4.735537e-02	9.644809e-01	0.000000e+00	0.000000e+00	2.444381e+00	1.000000e-10	9.777524e-01	1.013760e+00	-2.361946e+00	0.000000e+00	5.615408e-08	5.758383e-05	-2.899412e-05	-2.935137e-07	9.241392e+01	1.365386e-21	
5.867079e-02	-5.048317e-02	9.651725e-01	0.000000e+00	0.000000e+00	2.446128e+00	1.000000e-10	9.784512e-01	1.013758e+00	-2.287757e+00	0.000000e+00	5.615398e-08	5.383622e-05	-2.543933e-05	-2.703310e-07	9.373519e+01	1.369314e-21	
6.553320e-02	-5.362679e-02	9.658458e-01	0.000000e+00	0.000000e+00	2.447772e+00	1.000000e-10	9.791088e-01	1.013732e+00	-2.217934e+00	0.000000e+00	5.615289e-08	5.021286e-05	-2.229219e-05	-2.486220e-07	9.498266e+01	1.373219e-21	
1.139125e-03	-5.561455e-03	9.491554e-01	0.000000e+00	0.000000e+00	2.422239e+00	1.000000e-10	9.688955e-01	1.020798e+00	-3.302246e+00	0.000000e+00	5.645230e-08	1.082588e-04	-2.791624e-04	-2.209420e-06	6.150302e+01	1.260461e-21	
7.284039e-02	-5.677381e-02	9.665451e-01	0.000000e+00	0.000000e+00	2.449433e+00	1.000000e-10	9.797732e-01	1.013686e+00	-2.147402e+00	0.000000e+00	5.615093e-08	4.672286e-05	-1.950220e-05	-2.285575e-07	9.566581e+01	1.377344e-21	
9.977816e-01	-5.375027e-04	9.897578e-01	0.000000e+00	0.000000e+00	2.490005e+00	1.000000e-10	9.960019e-01	1.006309e+00	-4.244577e-01	0.000000e+00	5.583721e-08	1.012870e-05	2.481008e-06	4.020677e-10	1.024265e+01	1.540173e-21	
9.989876e-01	-1.154730e-04	9.862693e-01	0.000000e+00	0.000000e+00	2.492260e+00	1.000000e-10	9.969039e-01	1.010783e+00	-3.287004e-01	0.000000e+00	5.602760e-08	9.428263e-05	1.079224e-05	-1.724547e-07	2.043942e+01	1.503145e-21	
2.766530e-04	-2.584588e-03	9.517321e-01	0.000000e+00	0.000000e+00	2.426349e+00	1.000000e-10	9.705395e-01	1.019761e+00	-3.127704e+00	0.000000e+00	5.640845e-08	5.139222e-05	-3.336050e-04	-2.335789e-06	6.188637e+01	1.277178e-21	
8.058697e-02	-5.991026e-02	9.673260e-01	0.000000e+00	0.000000e+00	2.451270e+00	1.000000e-10	9.805079e-01	1.013627e+00	-2.069405e+00	0.000000e+00	5.614843e-08	4.344220e-05	-1.704402e-05	-2.103048e-07	9.636218e+01	1.381985e-21	
9.960605e-01	-9.626892e-04	9.897737e-01	0.000000e+00	0.000000e+00	2.490057e+00	1.000000e-10	9.960228e-01	1.006314e+00	-4.222471e-01	0.000000e+00	5.583742e-08	7.930946e-06	2.018669e-06	-2.309659e-09	9.018539e+00	1.540255e-21	
9.977322e-01	-2.593074e-04	9.863882e-01	0.000000e+00	0.000000e+00	2.493415e+00	1.000000e-10	9.973659e-01	1.011129e+00	-2.796562e-01	0.000000e+00	5.604233e-08	7.708825e-05	8.683590e-06	-2.042810e-07	2.768976e+01	1.502685e-21	
1.555479e-04	8.232869e-04	9.561826e-01	0.000000e+00	0.000000e+00	2.431435e+00	1.000000e-10	9.725742e-01	1.017143e+00	-2.911694e+00	0.000000e+00	5.629755e-08	-3.931550e-05	-3.515157e-04	-2.191265e-06	6.529015e+01	1.308940e-21	
8.877735e-02	-6.302649e-02	9.681517e-01	0.000000e+00	0.000000e+00	2.453127e+00	1.000000e-10	9.812509e-01	1.013530e+00	-1.990516e+00	0.000000e+00	5.614432e-08	4.038554e-05	-1.489347e-05	-1.928873e-07	9.696321e+01	1.387015e-21	
9.938521e-01	-1.537694e-03	9.897887e-01	0.000000e+00	0.000000e+00	2.490096e+00	1.000000e-10	9.960383e-01	1.006314e+00	-4.206036e-01	0.000000e+00	5.583744e-08	6.227608e-06	1.672693e-06	-2.594079e-09	1.031718e+01	1.540346e-21	
9.959702e-01	-4.553624e-04	9.863073e-01	0.000000e+00	0.000000e+00	2.493949e+00	1.000000e-10	9.975797e-01	1.011429e+00	-2.569523e-01	0.000000e+00	5.605507e-08	6.476149e-05	6.860898e-06	-2.131829e-07	3.312491e+01	1.501168e-21	
1.056390e-03	4.386958e-03	9.646629e-01	0.000000e+00	0.000000e+00	2.449594e+00	1.000000e-10	9.798378e-01	1.015731e+00	-2.140548e+00	0.000000e+00	5.623769e-08	-1.305527e-04	-2.849746e-04	-1.887636e-06	6.872311e+01	1.360332e-21	
3.258228e-03	7.595913e-03	9.752605e-01	0.000000e+00	0.000000e+00	2.473029e+00	1.000000e-10	9.892118e-01	1.014305e+00	-1.145346e+00	0.000000e+00	5.617721e-08	-1.439053e-04	-1.514747e-04	-1.273294e-06	8.263490e+01	1.425696e-21	
9.739419e-02	-6.610846e-02	9.690083e-01	0.000000e+00	0.000000e+00	2.455010e+00	1.000000e-10	9.820040e-01	1.013411e+00	-1.910564e+00	0.000000e+00	5.613927e-08	3.756699e-05	-1.302237e-05	-1.767535e-07	9.743050e+01	1.392306e-21	
1.064394e-01	-6.914892e-02	9.698790e-01	0.000000e+00	0.000000e+00	2.456903e+00	1.000000e-10	9.827611e-01	1.013282e+00	-1.830188e+00	0.000000e+00	5.613379e-08	3.498002e-05	-1.139054e-05	-1.620717e-07	9.778895e+01	1.397727e-21	
9.911705e-01	-2.276101e-03	9.898071e-01	0.000000e+00	0.000000e+00	2.490124e+00	1.000000e-10	9.960497e-01	1.006307e+00	-4.193874e-01	0.000000e+00	5.583713e-08	4.873076e-06	1.376162e-06	-2.024682e-09	1.106280e+01	1.540487e-21	
9.936997e-01	-6.865178e-04	9.862879e-01	0.000000e+00	0.000000e+00	2.494166e+00	1.000000e-10	9.976665e-01	1.011537e+00	-2.477392e-01	0.000000e+00	5.605965e-08	5.572133e-05	5.303417e-06	-1.989142e-07	3.765477e+01	1.500682e-21	
9.880280e-01	-3.182420e-03	9.898323e-01	0.000000e+00	0.000000e+00	2.490170e+00	1.000000e-10	9.960680e-01	1.006300e+00	-4.174422e-01	0.000000e+00	5.583683e-08	3.725550e-06	1.091162e-06	-1.572780e-09	1.137275e+01	1.540668e-21	
9.844043e-01	-4.257837e-03	9.898584e-01	0.000000e+00	0.000000e+00	2.490219e+00	1.000000e-10	9.960877e-01	1.006293e+00	-4.153523e-01	0.000000e+00	5.583655e-08	2.705399e-06	8.077998e-07	-1.208922e-09	1.114299e+01	1.540854e-21	
9.803262e-01	-5.482067e-03	9.898796e-01	0.000000e+00	0.000000e+00	2.490256e+00	1.000000e-10	9.961026e-01	1.006287e+00	-4.137752e-01	0.000000e+00	5.583627e-08	1.785817e-06	5.371319e-07	-9.056482e-10	1.020523e+01	1.541009e-21	
6.687208e-03	1.031396e-02	9.871817e-01	0.000000e+00	0.000000e+00	2.495156e+00	1.000000e-10	9.980624e-01	1.011022e+00	-2.057051e-01	0.000000e+00	5.603777e-08	-1.011321e-04	-6.865731e-05	-7.112009e-07	7.346538e+01	1.507894e-21	
1.159052e-01	-7.213621e-02	9.707445e-01	0.000000e+00	0.000000e+00	2.458763e+00	1.000000e-10	9.835050e-01	1.013145e+00	-1.751206e+00	0.000000e+00	5.612797e-08	3.260644e-05	-9.966548e-06	-1.487061e-07	9.805158e+01	1.403159e-21	
9.909294e-01	-9.351360e-04	9.863290e-01	0.000000e+00	0.000000e+00	2.494361e+00	1.000000e-10	9.977444e-01	1.011574e+00	-2.394720e-01	0.000000e+00	5.606122e-08	4.877858e-05	4.036220e-06	-1.826628e-07	4.187644e+01	1.500806e-21	
9.757725e-01	-6.854085e-03	9.898959e-01	0.000000e+00	0.000000e+00	2.490282e+00	1.000000e-10	9.961129e-01	1.006280e+00	-4.126823e-01	0.000000e+00	5.583600e-08	9.514031e-07	2.858111e-07	-6.729644e-10	8.303707e+00	1.541133e-21	
9.707688e-01	-8.353235e-03	9.899043e-01	0.000000e+00	0.000000e+00	2.490289e+00	1.000000e-10	9.961158e-01	1.006275e+00	-4.123755e-01	0.000000e+00	5.583577e-08	1.966130e-07	5.838484e-08	-5.087447e-10	4.145700e+00	1.541205e-21	
1.086650e-02	1.276107e-02	9.983294e-01	0.000000e+00	0.000000e+00	2.516453e+00	1.000000e-10	1.006581e+00	1.008266e+00	6.986977e-01	0.000000e+00	5.592053e-08	-6.692315e-05	-3.678425e-05	-4.049628e-07	6.692141e+01	1.587108e-21	
1.257726e-01	-7.505836e-02	9.715776e-01	0.000000e+00	0.000000e+00	2.460527e+00	1.000000e-10	9.842107e-01	1.013003e+00	-1.676292e+00	0.000000e+00	5.612192e-08	3.041656e-05	-8.721653e-06	-1.365914e-07	9.819110e+01	1.408437e-21	
1.360513e-01	-7.791291e-02	9.723495e-01	0.000000e+00	0.000000e+00	2.462194e+00	1.000000e-10	9.848777e-01	1.012884e+00	-1.605479e+00	0.000000e+00	5.611690e-08	2.837172e-05	-7.624870e-06	-1.262831e-07	9.807554e+01	1.413297e-21	
9.652898e-01	-9.966947e-03	9.899036e-01	0.000000e+00	0.000000e+00	2.490277e+00	1.000000e-10	9.961107e-01	1.006270e+00	-4.129107e-01	0.000000e+00	5.583558e-08	-4.826911e-07	-1.405103e-07	-4.123574e-10	7.087123e+00	1.541216e-21	
1.467128e-01	-8.068601e-02	9.730777e-01	0.000000e+00	0.000000e+00	2.463782e+00	1.000000e-10	9.855128e-01	1.012779e+00	-1.538052e+00	0.000000e+00	5.611243e-08	2.643961e-05	-6.652543e-06	-1.170362e-07	9.781478e+01	1.417875e-21	
1.577470e-01	-8.337181e-02	9.737627e-01	0.000000e+00	0.000000e+00	2.465292e+00	1.000000e-10	9.861167e-01	1.012687e+00	-1.473933e+00	0.000000e+00	5.610851e-08	2.460157e-05	-5.789567e-06	-1.086812e-07	9.736296e+01	1.422170e-21	
1.691531e-01	-8.596697e-02	9.744254e-01	0.000000e+00	0.000000e+00	2.466724e+00	1.000000e-10	9.866897e-01	1.012586e+00	-1.413106e+00	0.000000e+00	5.610423e-08	2.285763e-05	-5.021920e-06	-1.006513e-07	9.672902e+01	1.426371e-21	
1.809219e-01	-8.846344e-02	9.750716e-01	0.000000e+00	0.000000e+00	2.468090e+00	1.000000e-10	9.872360e-01	1.012475e+00	-1.355104e+00	0.000000e+00	5.609953e-08	2.119582e-05	-4.336199e-06	-9.290311e-08	9.587606e+01	1.430518e-21	
9.593516e-01	-1.167674e-02	9.898935e-01	0.000000e+00	0.000000e+00	2.490244e+00	1.000000e-10	9.960975e-01	1.006267e+00	-4.143133e-01	0.000000e+00	5.583545e-08	-1.081437e-06	-3.075804e-07	-3.906041e-10	1.149570e+01	1.541164e-21	
1.930332e-01	-9.085231e-02	9.757032e-01	0.000000e+00	0.000000e+00	2.469401e+00	1.000000e-10	9.877603e-01	1.012357e+00	-1.299446e+00	0.000000e+00	5.609451e-08	1.960833e-05	-3.724987e-06	-8.547752e-08	9.470669e+01	1.434613e-21	
2.054765e-01	-9.312807e-02	9.763273e-01	0.000000e+00	0.000000e+00	2.470681e+00	1.000000e-10	9.882722e-01	1.012235e+00	-1.245093e+00	0.000000e+00	5.608930e-08	1.809403e-05	-3.182197e-06	-7.843282e-08	9.334065e+01	1.438688e-21	
2.182315e-01	-9.528393e-02	9.769417e-01	0.000000e+00	0.000000e+00	2.471928e+00	1.000000e-10	9.887710e-01	1.012109e+00	-1.192134e+00	0.000000e+00	5.608395e-08	1.665860e-05	-2.703023e-06	-7.179930e-08	9.168915e+01	1.442726e-21	
2.312975e-01	-9.731778e-02	9.775370e-01	0.000000e+00	0.000000e+00	2.473129e+00	1.000000e-10	9.892515e-01	1.011984e+00	-1.141129e+00	0.000000e+00	5.607864e-08	1.530640e-05	-2.282893e-06	-6.566949e-08	8.988848e+01	1.446656e-21	
2.446533e-01	-9.922464e-02	9.781069e-01	0.000000e+00	0.000000e+00	2.474266e+00	1.000000e-10	9.897066e-01	1.011859e+00	-1.092811e+00	0.000000e+00	5.607336e-08	1.403523e-05	-1.914273e-06	-5.995034e-08	8.792502e+01	1.450443e-21	
2.582885e-01	-1.009991e-01	9.786646e-01	0.000000e+00	0.000000e+00	2.475373e+00	1.000000e-10	9.901493e-01	1.011735e+00	-1.045809e+00	0.000000e+00	5.606808e-08	1.283659e-05	-1.590063e-06	-5.453466e-08	8.573039e+01	1.454165e-21	
2.721925e-01	-1.026359e-01	9.792008e-01	0.000000e+00	0.000000e+00	2.476445e+00	1.000000e-10	9.905780e-01	1.011619e+00	-1.000301e+00	0.000000e+00	5.606314e-08	1.170733e-05	-1.306423e-06	-4.954773e-08	8.331214e+01	1.457739e-21	
2.863341e-01	-1.041287e-01	9.797057e-01	0.000000e+00	0.000000e+00	2.477462e+00	1.000000e-10	9.909849e-01	1.011513e+00	-9.571006e-01	0.000000e+00	5.605863e-08	1.064323e-05	-1.059818e-06	-4.499265e-08	8.073657e+01	1.461100e-21	
3.007124e-01	-1.054758e-01	9.801782e-01	0.000000e+00	0.000000e+00	2.478414e+00	1.000000e-10	9.913654e-01	1.011413e+00	-9.166971e-01	0.000000e+00	5.605441e-08	9.639873e-06	-8.470231e-07	-4.076676e-08	7.805176e+01	1.464252e-21	
3.153163e-01	-1.066753e-01	9.806160e-01	0.000000e+00	0.000000e+00	2.479295e+00	1.000000e-10	9.917178e-01	1.011321e+00	-8.792861e-01	0.000000e+00	5.605049e-08	8.695815e-06	-6.648784e-07	-3.684489e-08	7.519839e+01	1.467177e-21	
3.301142e-01	-1.077239e-01	9.810202e-01	0.000000e+00	0.000000e+00	2.480101e+00	1.000000e-10	9.920406e-01	1.011234e+00	-8.450234e-01	0.000000e+00	5.604677e-08	7.803685e-06	-5.090819e-07	-3.314808e-08	7.211051e+01	1.469891e-21	
3.450950e-01	-1.086179e-01	9.814059e-01	0.000000e+00	0.000000e+00	2.480873e+00	1.000000e-10	9.923491e-01	1.011151e+00	-8.122640e-01	0.000000e+00	5.604324e-08	6.962024e-06	-3.764549e-07	-2.968895e-08	6.890670e+01	1.472482e-21	
3.602574e-01	-1.093538e-01	9.817711e-01	0.000000e+00	0.000000e+00	2.481595e+00	1.000000e-10	9.926380e-01	1.011069e+00	-7.815973e-01	0.000000e+00	5.603975e-08	6.172114e-06	-2.652448e-07	-2.640603e-08	6.558261e+01	1.474950e-21	
3.755699e-01	-1.099276e-01	9.821019e-01	0.000000e+00	0.000000e+00	2.482229e+00	1.000000e-10	9.928918e-01	1.010987e+00	-7.546503e-01	0.000000e+00	5.603627e-08	5.424708e-06	-1.738944e-07	-2.322375e-08	6.204250e+01	1.477214e-21	
3.910111e-01	-1.103396e-01	9.824099e-01	0.000000e+00	0.000000e+00	2.482801e+00	1.000000e-10	9.931204e-01	1.010902e+00	-7.303792e-01	0.000000e+00	5.603268e-08	4.703696e-06	-1.008529e-07	-2.002782e-08	5.822921e+01	1.479352e-21	
9.529527e-01	-1.347584e-02	9.898734e-01	0.000000e+00	0.000000e+00	2.490189e+00	1.000000e-10	9.960757e-01	1.006266e+00	-4.166294e-01	0.000000e+00	5.583538e-08	-1.598076e-06	-4.436573e-07	-4.285446e-10	1.504609e+01	1.541045e-21	
9.461019e-01	-1.535511e-02	9.898445e-01	0.000000e+00	0.000000e+00	2.490117e+00	1.000000e-10	9.960466e-01	1.006266e+00	-4.197136e-01	0.000000e+00	5.583538e-08	-2.035393e-06	-5.515906e-07	-5.129284e-10	1.819906e+01	1.540864e-21	
4.065796e-01	-1.105925e-01	9.827311e-01	0.000000e+00	0.000000e+00	2.483408e+00	1.000000e-10	9.933632e-01	1.010819e+00	-7.046014e-01	0.000000e+00	5.602914e-08	4.020832e-06	-4.459380e-08	-1.692734e-08	5.420227e+01	1.481569e-21	
4.222538e-01	-1.106861e-01	9.830665e-01	0.000000e+00	0.000000e+00	2.484055e+00	1.000000e-10	9.936222e-01	1.010737e+00	-6.771107e-01	0.000000e+00	5.602568e-08	3.411392e-06	-1.880124e-09	-1.406802e-08	5.021603e+01	1.483868e-21	
9.388088e-01	-1.730883e-02	9.898060e-01	0.000000e+00	0.000000e+00	2.490025e+00	1.000000e-10	9.960101e-01	1.006268e+00	-4.235923e-01	0.000000e+00	5.583547e-08	-2.394493e-06	-6.352684e-07	-6.390500e-10	2.104712e+01	1.540617e-21	
4.380117e-01	-1.106098e-01	9.833764e-01	0.000000e+00	0.000000e+00	2.484637e+00	1.000000e-10	9.938548e-01	1.010656e+00	-6.524078e-01	0.000000e+00	5.602220e-08	2.884610e-06	3.073940e-08	-1.144580e-08	4.638964e+01	1.486016e-21	
4.538311e-01	-1.103496e-01	9.836424e-01	0.000000e+00	0.000000e+00	2.485106e+00	1.000000e-10	9.940424e-01	1.010573e+00	-6.324917e-01	0.000000e+00	5.601869e-08	2.408669e-06	5.440327e-08	-9.002980e-09	4.255902e+01	1.487905e-21	
9.310848e-01	-1.933921e-02	9.897602e-01	0.000000e+00	0.000000e+00	2.489923e+00	1.000000e-10	9.959691e-01	1.006273e+00	-4.279433e-01	0.000000e+00	5.583570e-08	-2.672985e-06	-6.982311e-07	-8.181746e-10	2.361635e+01	1.540313e-21	
9.229228e-01	-2.145853e-02	9.897087e-01	0.000000e+00	0.000000e+00	2.489812e+00	1.000000e-10	9.959248e-01	1.006281e+00	-4.326468e-01	0.000000e+00	5.583602e-08	-2.873277e-06	-7.442456e-07	-1.017484e-09	2.591373e+01	1.539966e-21	
4.697100e-01	-1.098938e-01	9.838760e-01	0.000000e+00	0.000000e+00	2.485527e+00	1.000000e-10	9.942107e-01	1.010504e+00	-6.146223e-01	0.000000e+00	5.601576e-08	1.962501e-06	6.825647e-08	-6.960063e-09	3.856864e+01	1.489553e-21	
4.856161e-01	-1.092442e-01	9.840907e-01	0.000000e+00	0.000000e+00	2.485958e+00	1.000000e-10	9.943833e-01	1.010459e+00	-5.963017e-01	0.000000e+00	5.601384e-08	1.559612e-06	7.282261e-08	-5.523236e-09	3.447985e+01	1.491006e-21	
5.015374e-01	-1.084077e-01	9.842833e-01	0.000000e+00	0.000000e+00	2.486362e+00	1.000000e-10	9.945447e-01	1.010425e+00	-5.791722e-01	0.000000e+00	5.601240e-08	1.212213e-06	7.062246e-08	-4.480382e-09	3.047047e+01	1.492289e-21	
5.174617e-01	-1.073889e-01	9.844305e-01	0.000000e+00	0.000000e+00	2.486687e+00	1.000000e-10	9.946749e-01	1.010406e+00	-5.653449e-01	0.000000e+00	5.601160e-08	9.089341e-07	6.363066e-08	-3.815803e-09	2.640901e+01	1.493245e-21	
9.143561e-01	-2.367233e-02	9.896550e-01	0.000000e+00	0.000000e+00	2.489701e+00	1.000000e-10	9.958803e-01	1.006290e+00	-4.373721e-01	0.000000e+00	5.583643e-08	-3.005287e-06	-7.760368e-07	-1.223363e-09	2.789501e+01	1.539599e-21	
9.053768e-01	-2.598935e-02	9.895999e-01	0.000000e+00	0.000000e+00	2.489588e+00	1.000000e-10	9.958352e-01	1.006301e+00	-4.421658e-01	0.000000e+00	5.583687e-08	-3.079604e-06	-7.945349e-07	-1.403549e-09	2.961787e+01	1.539218e-21	
8.960051e-01	-2.840687e-02	9.895434e-01	0.000000e+00	0.000000e+00	2.489472e+00	1.000000e-10	9.957890e-01	1.006312e+00	-4.470688e-01	0.000000e+00	5.583733e-08	-3.103143e-06	-8.009076e-07	-1.545726e-09	3.106867e+01	1.538829e-21	
8.862521e-01	-3.092535e-02	9.894876e-01	0.000000e+00	0.000000e+00	2.489358e+00	1.000000e-10	9.957432e-01	1.006322e+00	-4.519266e-01	0.000000e+00	5.583778e-08	-3.081319e-06	-7.964543e-07	-1.646520e-09	3.223608e+01	1.538445e-21	
5.333559e-01	-1.061802e-01	9.845563e-01	0.000000e+00	0.000000e+00	2.486933e+00	1.000000e-10	9.947730e-01	1.010377e+00	-5.549264e-01	0.000000e+00	5.601035e-08	6.255478e-07	5.159470e-08	-3.158434e-09	2.190057e+01	1.494109e-21	
5.492171e-01	-1.047697e-01	9.849376e-01	0.000000e+00	0.000000e+00	2.487128e+00	1.000000e-10	9.948511e-01	1.010065e+00	-5.466394e-01	0.000000e+00	5.599709e-08	3.501373e-07	3.356236e-08	-6.495187e-10	1.637266e+01	1.497489e-21	
8.761183e-01	-3.354719e-02	9.894360e-01	0.000000e+00	0.000000e+00	2.489252e+00	1.000000e-10	9.957007e-01	1.006332e+00	-4.564450e-01	0.000000e+00	5.583818e-08	-3.021382e-06	-7.825230e-07	-1.694258e-09	3.316631e+01	1.538091e-21	
8.656239e-01	-3.626794e-02	9.893917e-01	0.000000e+00	0.000000e+00	2.489160e+00	1.000000e-10	9.956639e-01	1.006339e+00	-4.603453e-01	0.000000e+00	5.583852e-08	-2.931904e-06	-7.609447e-07	-1.694199e-09	3.382918e+01	1.537787e-21	
8.547888e-01	-3.908302e-02	9.893542e-01	0.000000e+00	0.000000e+00	2.489078e+00	1.000000e-10	9.956312e-01	1.006345e+00	-4.638229e-01	0.000000e+00	5.583873e-08	-2.821241e-06	-7.337599e-07	-1.631630e-09	3.425929e+01	1.537537e-21	
5.650112e-01	-1.031459e-01	9.861378e-01	0.000000e+00	0.000000e+00	2.487340e+00	1.000000e-10	9.949360e-01	1.008922e+00	-5.376207e-01	0.000000e+00	5.594846e-08	8.136131e-08	8.991836e-09	4.879421e-09	7.888839e+00	1.508728e-21	
5.807318e-01	-1.012868e-01	9.879683e-01	0.000000e+00	0.000000e+00	2.487544e+00	1.000000e-10	9.950176e-01	1.007135e+00	-5.289673e-01	0.000000e+00	5.587241e-08	-1.784067e-07	-2.262431e-08	1.004067e-08	1.159400e+01	1.526177e-21	
5.963416e-01	-9.917283e-02	9.889837e-01	0.000000e+00	0.000000e+00	2.487749e+00	1.000000e-10	9.950996e-01	1.006184e+00	-5.202574e-01	0.000000e+00	5.583190e-08	-4.168146e-07	-6.025151e-08	7.171985e-09	1.760806e+01	1.535799e-21	
6.118248e-01	-9.679221e-02	9.889992e-01	0.000000e+00	0.000000e+00	2.487852e+00	1.000000e-10	9.951409e-01	1.006210e+00	-5.158758e-01	0.000000e+00	5.583300e-08	-6.305804e-07	-1.025603e-07	2.048256e-09	2.150458e+01	1.535804e-21	
6.271583e-01	-9.416067e-02	9.889018e-01	0.000000e+00	0.000000e+00	2.487999e+00	1.000000e-10	9.951995e-01	1.006368e+00	-5.096455e-01	0.000000e+00	5.583975e-08	-8.260907e-07	-1.487946e-07	-5.425740e-10	2.443363e+01	1.534642e-21	
6.423297e-01	-9.129771e-02	9.889174e-01	0.000000e+00	0.000000e+00	2.488131e+00	1.000000e-10	9.952523e-01	1.006406e+00	-5.040411e-01	0.000000e+00	5.584135e-08	-1.006054e-06	-1.977568e-07	-1.230737e-09	2.679425e+01	1.534607e-21	
6.573292e-01	-8.823009e-02	9.889670e-01	0.000000e+00	0.000000e+00	2.488249e+00	1.000000e-10	9.952996e-01	1.006403e+00	-4.990248e-01	0.000000e+00	5.584124e-08	-1.166871e-06	-2.462484e-07	-1.261278e-09	2.867515e+01	1.534925e-21	
6.721440e-01	-8.500590e-02	9.890110e-01	0.000000e+00	0.000000e+00	2.488346e+00	1.000000e-10	9.953386e-01	1.006398e+00	-4.948830e-01	0.000000e+00	5.584101e-08	-1.311357e-06	-2.920426e-07	-1.237715e-09	3.019011e+01	1.535217e-21	
8.435937e-01	-4.199764e-02	9.893252e-01	0.000000e+00	0.000000e+00	2.489012e+00	1.000000e-10	9.956048e-01	1.006347e+00	-4.666169e-01	0.000000e+00	5.583886e-08	-2.699259e-06	-7.031936e-07	-1.535092e-09	3.454412e+01	1.537346e-21	
6.867621e-01	-8.167529e-02	9.890499e-01	0.000000e+00	0.000000e+00	2.488433e+00	1.000000e-10	9.953733e-01	1.006393e+00	-4.912037e-01	0.000000e+00	5.584081e-08	-1.442948e-06	-3.342616e-07	-1.235399e-09	3.144052e+01	1.535475e-21	
7.011807e-01	-7.827949e-02	9.890878e-01	0.000000e+00	0.000000e+00	2.488517e+00	1.000000e-10	9.954070e-01	1.006389e+00	-4.876261e-01	0.000000e+00	5.584062e-08	-1.562394e-06	-3.727750e-07	-1.241083e-09	3.240745e+01	1.535725e-21	
8.320774e-01	-4.499965e-02	9.893058e-01	0.000000e+00	0.000000e+00	2.488970e+00	1.000000e-10	9.955879e-01	1.006350e+00	-4.684118e-01	0.000000e+00	5.583897e-08	-2.576204e-06	-6.716073e-07	-1.449622e-09	3.470003e+01	1.537216e-21	
8.202492e-01	-4.808348e-02	9.892917e-01	0.000000e+00	0.000000e+00	2.488943e+00	1.000000e-10	9.955771e-01	1.006353e+00	-4.695573e-01	0.000000e+00	5.583912e-08	-2.458816e-06	-6.407232e-07	-1.393966e-09	3.478617e+01	1.537117e-21	
8.080984e-01	-5.124816e-02	9.892760e-01	0.000000e+00	0.000000e+00	2.488913e+00	1.000000e-10	9.955652e-01	1.006357e+00	-4.708278e-01	0.000000e+00	5.583928e-08	-2.349856e-06	-6.113148e-07	-1.362815e-09	3.484977e+01	1.537006e-21	
7.956536e-01	-5.448201e-02	9.892537e-01	0.000000e+00	0.000000e+00	2.488866e+00	1.000000e-10	9.955462e-01	1.006361e+00	-4.728423e-01	0.000000e+00	5.583943e-08	-2.245330e-06	-5.823999e-07	-1.332087e-09	3.483432e+01	1.536855e-21	
7.153946e-01	-7.484380e-02	9.891287e-01	0.000000e+00	0.000000e+00	2.488610e+00	1.000000e-10	9.954441e-01	1.006385e+00	-4.836871e-01	0.000000e+00	5.584045e-08	-1.667333e-06	-4.071056e-07	-1.249637e-09	3.311916e+01	1.535994e-21	
7.293788e-01	-7.139448e-02	9.891653e-01	0.000000e+00	0.000000e+00	2.488690e+00	1.000000e-10	9.954761e-01	1.006380e+00	-4.802807e-01	0.000000e+00	5.584024e-08	-1.756341e-06	-4.365284e-07	-1.240371e-09	3.357209e+01	1.536238e-21	
7.431371e-01	-6.794856e-02	9.891878e-01	0.000000e+00	0.000000e+00	2.488732e+00	1.000000e-10	9.954930e-01	1.006374e+00	-4.784917e-01	0.000000e+00	5.583999e-08	-1.836423e-06	-4.627063e-07	-1.212589e-09	3.386146e+01	1.536399e-21	
7.566622e-01	-6.452012e-02	9.891964e-01	0.000000e+00	0.000000e+00	2.488742e+00	1.000000e-10	9.954969e-01	1.006369e+00	-4.780755e-01	0.000000e+00	5.583979e-08	-1.925934e-06	-4.904604e-07	-1.207276e-09	3.413449e+01	1.536469e-21	
7.829237e-01	-5.777804e-02	9.892279e-01	0.000000e+00	0.000000e+00	2.488808e+00	1.000000e-10	9.955231e-01	1.006364e+00	-4.752921e-01	0.000000e+00	5.583955e-08	-2.138582e-06	-5.523140e-07	-1.292335e-09	3.469709e+01	1.536684e-21	
7.699270e-01	-6.112621e-02	9.892070e-01	0.000000e+00	0.000000e+00	2.488761e+00	1.000000e-10	9.955044e-01	1.006366e+00	-4.772806e-01	0.000000e+00	5.583965e-08	-2.029538e-06	-5.210414e-07	-1.238820e-09	3.443966e+01	1.536546e-21	
9.876685e-01	-1.185578e-03	9.864303e-01	0.000000e+00	0.000000e+00	2.494654e+00	1.000000e-10	9.978618e-01	1.011589e+00	-2.270088e-01	0.000000e+00	5.606186e-08	4.317176e-05	3.012975e-06	-1.687307e-07	4.571918e+01	1.501371e-21	
1.540412e-02	1.510520e-02	1.003164e+00	0.000000e+00	0.000000e+00	2.526567e+00	1.000000e-10	1.010627e+00	1.007439e+00	1.128204e+00	0.000000e+00	5.588537e-08	-4.453198e-05	-2.154488e-05	-2.984600e-07	6.065386e+01	1.621131e-21	
9.838963e-01	-1.425979e-03	9.865787e-01	0.000000e+00	0.000000e+00	2.494975e+00	1.000000e-10	9.979899e-01	1.011566e+00	-2.134027e-01	0.000000e+00	5.606091e-08	3.854131e-05	2.195018e-06	-1.549908e-07	4.903279e+01	1.502351e-21	
2.036227e-02	1.735519e-02	1.005613e+00	0.000000e+00	0.000000e+00	2.529957e+00	1.000000e-10	1.011983e+00	1.006334e+00	1.272151e+00	0.000000e+00	5.583828e-08	-2.849502e-05	-1.203311e-05	-2.005053e-07	5.298751e+01	1.641166e-21	
9.796436e-01	-1.642612e-03	9.867333e-01	0.000000e+00	0.000000e+00	2.495263e+00	1.000000e-10	9.981050e-01	1.011525e+00	-2.011829e-01	0.000000e+00	5.605913e-08	3.467983e-05	1.517622e-06	-1.425237e-07	5.224228e+01	1.503436e-21	
2.579935e-02	1.949498e-02	1.006832e+00	0.000000e+00	0.000000e+00	2.530609e+00	1.000000e-10	1.012244e+00	1.005374e+00	1.299852e+00	0.000000e+00	5.579740e-08	-1.669845e-05	-6.115886e-06	-1.311923e-07	4.392207e+01	1.652768e-21	
9.748902e-01	-1.820093e-03	9.868925e-01	0.000000e+00	0.000000e+00	2.495528e+00	1.000000e-10	9.982112e-01	1.011469e+00	-1.899109e-01	0.000000e+00	5.605677e-08	3.144032e-05	9.333271e-07	-1.313841e-07	5.495250e+01	1.504597e-21	
3.176442e-02	2.153128e-02	1.007383e+00	0.000000e+00	0.000000e+00	2.530146e+00	1.000000e-10	1.012058e+00	1.004641e+00	1.280179e+00	0.000000e+00	5.576615e-08	-8.023283e-06	-2.565890e-06	-8.568627e-08	3.286450e+01	1.659170e-21	
3.822599e-02	2.346909e-02	1.007525e+00	0.000000e+00	0.000000e+00	2.529226e+00	1.000000e-10	1.011690e+00	1.004134e+00	1.241112e+00	0.000000e+00	5.574451e-08	-1.611539e-06	-4.580350e-07	-5.640910e-08	1.581824e+01	1.662045e-21	
9.696671e-01	-1.938773e-03	9.870493e-01	0.000000e+00	0.000000e+00	2.495743e+00	1.000000e-10	9.982973e-01	1.011396e+00	-1.807650e-01	0.000000e+00	5.605365e-08	2.872120e-05	4.202038e-07	-1.211197e-07	5.754299e+01	1.505804e-21	
4.513187e-02	2.533061e-02	1.007259e+00	0.000000e+00	0.000000e+00	2.527935e+00	1.000000e-10	1.011174e+00	1.003887e+00	1.186290e+00	0.000000e+00	5.573398e-08	3.215072e-06	8.264128e-07	-4.080032e-08	2.386470e+01	1.661227e-21	
9.639547e-01	-1.980085e-03	9.871950e-01	0.000000e+00	0.000000e+00	2.495926e+00	1.000000e-10	9.983704e-01	1.011320e+00	-1.730048e-01	0.000000e+00	5.605046e-08	2.642114e-05	-3.097380e-08	-1.121989e-07	5.991096e+01	1.506951e-21	
9.577749e-01	-1.924831e-03	9.873270e-01	0.000000e+00	0.000000e+00	2.496079e+00	1.000000e-10	9.984315e-01	1.011247e+00	-1.665257e-01	0.000000e+00	5.604734e-08	2.447705e-05	-4.270017e-07	-1.045424e-07	5.784298e+01	1.508009e-21	
5.246314e-02	2.712865e-02	1.006837e+00	0.000000e+00	0.000000e+00	2.526762e+00	1.000000e-10	1.010705e+00	1.003841e+00	1.136471e+00	0.000000e+00	5.573203e-08	6.931928e-06	1.620907e-06	-3.631710e-08	3.715263e+01	1.658622e-21	
6.021933e-02	2.885854e-02	1.006275e+00	0.000000e+00	0.000000e+00	2.525436e+00	1.000000e-10	1.010175e+00	1.003875e+00	1.080192e+00	0.000000e+00	5.573348e-08	9.796598e-06	2.085644e-06	-3.609858e-08	4.671416e+01	1.654791e-21	
9.511294e-01	-1.756349e-03	9.874441e-01	0.000000e+00	0.000000e+00	2.496203e+00	1.000000e-10	9.984813e-01	1.011178e+00	-1.612338e-01	0.000000e+00	5.604438e-08	2.283144e-05	-7.715792e-07	-9.800334e-08	5.979257e+01	1.508964e-21	
6.840097e-02	3.052173e-02	1.005650e+00	0.000000e+00	0.000000e+00	2.524269e+00	1.000000e-10	1.009707e+00	1.004034e+00	1.030597e+00	0.000000e+00	5.574026e-08	1.194174e-05	2.321009e-06	-3.955240e-08	5.435330e+01	1.650085e-21	
9.440306e-01	-1.460349e-03	9.875468e-01	0.000000e+00	0.000000e+00	2.496303e+00	1.000000e-10	9.985211e-01	1.011113e+00	-1.570063e-01	0.000000e+00	5.604163e-08	2.143679e-05	-1.070543e-06	-9.242336e-08	6.165857e+01	1.509814e-21	
9.364913e-01	-1.025330e-03	9.876381e-01	0.000000e+00	0.000000e+00	2.496389e+00	1.000000e-10	9.985555e-01	1.011054e+00	-1.533589e-01	0.000000e+00	5.603913e-08	2.025485e-05	-1.330119e-06	-8.770304e-08	6.341449e+01	1.510574e-21	
7.701408e-02	3.212279e-02	1.004958e+00	0.000000e+00	0.000000e+00	2.523100e+00	1.000000e-10	1.009240e+00	1.004260e+00	9.809539e-01	0.000000e+00	5.574990e-08	1.350413e-05	2.403870e-06	-4.422602e-08	6.065967e+01	1.644693e-21	
9.285251e-01	-4.421143e-04	9.877258e-01	0.000000e+00	0.000000e+00	2.496476e+00	1.000000e-10	9.985904e-01	1.011000e+00	-1.496503e-01	0.000000e+00	5.603682e-08	1.924893e-05	-1.560393e-06	-8.362940e-08	6.514230e+01	1.511297e-21	
9.201243e-01	3.014452e-04	9.878111e-01	0.000000e+00	0.000000e+00	2.496567e+00	1.000000e-10	9.986268e-01	1.010949e+00	-1.457879e-01	0.000000e+00	5.603468e-08	1.837907e-05	-1.768141e-06	-8.008101e-08	6.687048e+01	1.511994e-21	
8.603727e-02	3.366117e-02	1.004263e+00	0.000000e+00	0.000000e+00	2.521975e+00	1.000000e-10	1.008790e+00	1.004508e+00	9.331878e-01	0.000000e+00	5.576045e-08	1.463404e-05	2.396876e-06	-4.855099e-08	6.610857e+01	1.639215e-21	
9.546653e-02	3.514507e-02	1.003593e+00	0.000000e+00	0.000000e+00	2.520941e+00	1.000000e-10	1.008376e+00	1.004766e+00	8.892835e-01	0.000000e+00	5.577145e-08	1.545625e-05	2.344319e-06	-5.242933e-08	7.089367e+01	1.633881e-21	
1.052882e-01	3.658105e-02	1.002945e+00	0.000000e+00	0.000000e+00	2.519969e+00	1.000000e-10	1.007988e+00	1.005028e+00	8.480164e-01	0.000000e+00	5.578264e-08	1.605857e-05	2.263815e-06	-5.589153e-08	7.515297e+01	1.628679e-21	
9.113221e-01	1.212876e-03	9.878901e-01	0.000000e+00	0.000000e+00	2.496650e+00	1.000000e-10	9.986598e-01	1.010902e+00	-1.422835e-01	0.000000e+00	5.603266e-08	1.761815e-05	-1.955724e-06	-7.693771e-08	6.848447e+01	1.512641e-21	
9.021115e-01	2.300982e-03	9.879526e-01	0.000000e+00	0.000000e+00	2.496702e+00	1.000000e-10	9.986809e-01	1.010859e+00	-1.400408e-01	0.000000e+00	5.603085e-08	1.694960e-05	-2.124136e-06	-7.417624e-08	7.008539e+01	1.513170e-21	
1.154839e-01	3.796696e-02	1.002315e+00	0.000000e+00	0.000000e+00	2.519026e+00	1.000000e-10	1.007611e+00	1.005283e+00	8.079868e-01	0.000000e+00	5.579350e-08	1.649526e-05	2.163184e-06	-5.877609e-08	7.894403e+01	1.623648e-21	
1.260655e-01	3.930578e-02	1.001716e+00	0.000000e+00	0.000000e+00	2.518141e+00	1.000000e-10	1.007256e+00	1.005531e+00	7.703691e-01	0.000000e+00	5.580406e-08	1.680873e-05	2.053903e-06	-6.121452e-08	8.247278e+01	1.618849e-21	
8.925156e-01	3.569722e-03	9.879967e-01	0.000000e+00	0.000000e+00	2.496720e+00	1.000000e-10	9.986881e-01	1.010821e+00	-1.392789e-01	0.000000e+00	5.602924e-08	1.636607e-05	-2.278915e-06	-7.175228e-08	7.164679e+01	1.513570e-21	
8.825474e-01	5.025205e-03	9.880083e-01	0.000000e+00	0.000000e+00	2.496676e+00	1.000000e-10	9.986706e-01	1.010792e+00	-1.411418e-01	0.000000e+00	5.602798e-08	1.586748e-05	-2.425704e-06	-6.974930e-08	7.317199e+01	1.513744e-21	
8.722095e-01	6.673970e-03	9.879882e-01	0.000000e+00	0.000000e+00	2.496581e+00	1.000000e-10	9.986323e-01	1.010773e+00	-1.452054e-01	0.000000e+00	5.602721e-08	1.545672e-05	-2.567567e-06	-6.827301e-08	7.476454e+01	1.513684e-21	
8.615249e-01	8.517324e-03	9.879266e-01	0.000000e+00	0.000000e+00	2.496409e+00	1.000000e-10	9.985637e-01	1.010767e+00	-1.524905e-01	0.000000e+00	5.602694e-08	1.514866e-05	-2.709725e-06	-6.736281e-08	7.637612e+01	1.513328e-21	
8.505161e-01	1.055439e-02	9.878302e-01	0.000000e+00	0.000000e+00	2.496183e+00	1.000000e-10	9.984731e-01	1.010774e+00	-1.621065e-01	0.000000e+00	5.602723e-08	1.496036e-05	-2.859333e-06	-6.706748e-08	7.808754e+01	1.512713e-21	
1.370045e-01	4.059663e-02	1.001140e+00	0.000000e+00	0.000000e+00	2.517301e+00	1.000000e-10	1.006920e+00	1.005774e+00	7.347221e-01	0.000000e+00	5.581443e-08	1.703708e-05	1.941382e-06	-6.334605e-08	8.569336e+01	1.614227e-21	
8.391652e-01	1.279087e-02	9.877204e-01	0.000000e+00	0.000000e+00	2.495957e+00	1.000000e-10	9.983829e-01	1.010795e+00	-1.716820e-01	0.000000e+00	5.602813e-08	1.489624e-05	-3.020817e-06	-6.739583e-08	8.002674e+01	1.511968e-21	
8.275137e-01	1.521906e-02	9.876087e-01	0.000000e+00	0.000000e+00	2.495728e+00	1.000000e-10	9.982911e-01	1.010816e+00	-1.814296e-01	0.000000e+00	5.602903e-08	1.492698e-05	-3.190525e-06	-6.801213e-08	8.202146e+01	1.511212e-21	
8.155729e-01	1.783353e-02	9.874509e-01	0.000000e+00	0.000000e+00	2.495410e+00	1.000000e-10	9.981640e-01	1.010849e+00	-1.949244e-01	0.000000e+00	5.603043e-08	1.506893e-05	-3.362015e-06	-6.925455e-08	8.411495e+01	1.510133e-21	
8.033291e-01	2.061487e-02	9.872779e-01	0.000000e+00	0.000000e+00	2.495075e+00	1.000000e-10	9.980300e-01	1.010891e+00	-2.091438e-01	0.000000e+00	5.603219e-08	1.535742e-05	-3.522527e-06	-7.107896e-08	8.648729e+01	1.508932e-21	
7.908023e-01	2.351517e-02	9.871264e-01	0.000000e+00	0.000000e+00	2.494805e+00	1.000000e-10	9.979218e-01	1.010936e+00	-2.206327e-01	0.000000e+00	5.603412e-08	1.576599e-05	-3.651470e-06	-7.337844e-08	8.905941e+01	1.507851e-21	
7.779912e-01	2.648324e-02	9.870106e-01	0.000000e+00	0.000000e+00	2.494635e+00	1.000000e-10	9.978541e-01	1.010986e+00	-2.278176e-01	0.000000e+00	5.603625e-08	1.623724e-05	-3.727577e-06	-7.603594e-08	9.174417e+01	1.506971e-21	
7.649034e-01	2.946077e-02	9.869160e-01	0.000000e+00	0.000000e+00	2.494496e+00	1.000000e-10	9.977982e-01	1.011026e+00	-2.337555e-01	0.000000e+00	5.603796e-08	1.674315e-05	-3.739900e-06	-7.855342e-08	9.453354e+01	1.506256e-21	
7.515286e-01	3.239415e-02	9.868335e-01	0.000000e+00	0.000000e+00	2.494402e+00	1.000000e-10	9.977606e-01	1.011073e+00	-2.377432e-01	0.000000e+00	5.603994e-08	1.727267e-05	-3.681121e-06	-8.129263e-08	9.744647e+01	1.505592e-21	
7.378657e-01	3.522300e-02	9.868158e-01	0.000000e+00	0.000000e+00	2.494441e+00	1.000000e-10	9.977764e-01	1.011107e+00	-2.360666e-01	0.000000e+00	5.604139e-08	1.778696e-05	-3.538340e-06	-8.377480e-08	1.004160e+02	1.505368e-21	
7.239337e-01	3.788357e-02	9.868416e-01	0.000000e+00	0.000000e+00	2.494572e+00	1.000000e-10	9.978286e-01	1.011133e+00	-2.305283e-01	0.000000e+00	5.604251e-08	1.824297e-05	-3.326418e-06	-8.596944e-08	1.033571e+02	1.505435e-21	
7.097419e-01	4.035109e-02	9.869165e-01	0.000000e+00	0.000000e+00	2.494775e+00	1.000000e-10	9.979098e-01	1.011139e+00	-2.219072e-01	0.000000e+00	5.604275e-08	1.861721e-05	-3.077370e-06	-8.760743e-08	1.062256e+02	1.505873e-21	
6.952934e-01	4.261774e-02	9.870215e-01	0.000000e+00	0.000000e+00	2.495039e+00	1.000000e-10	9.980156e-01	1.011139e+00	-2.106756e-01	0.000000e+00	5.604273e-08	1.891477e-05	-2.806783e-06	-8.904823e-08	1.089030e+02	1.506515e-21	
6.806221e-01	4.467220e-02	9.871808e-01	0.000000e+00	0.000000e+00	2.495390e+00	1.000000e-10	9.981559e-01	1.011118e+00	-1.957849e-01	0.000000e+00	5.604183e-08	1.912967e-05	-2.520053e-06	-8.998272e-08	1.113819e+02	1.507561e-21	
6.657419e-01	4.651071e-02	9.873732e-01	0.000000e+00	0.000000e+00	2.495805e+00	1.000000e-10	9.983220e-01	1.011089e+00	-1.781453e-01	0.000000e+00	5.604062e-08	1.926668e-05	-2.225461e-06	-9.068840e-08	1.135346e+02	1.508834e-21	
6.506668e-01	4.813229e-02	9.876231e-01	0.000000e+00	0.000000e+00	2.496325e+00	1.000000e-10	9.985299e-01	1.011043e+00	-1.560794e-01	0.000000e+00	5.603868e-08	1.932169e-05	-1.928597e-06	-9.097502e-08	1.168202e+02	1.510519e-21	
1.482920e-01	4.183849e-02	1.000583e+00	0.000000e+00	0.000000e+00	2.516497e+00	1.000000e-10	1.006599e+00	1.006012e+00	7.005600e-01	0.000000e+00	5.582457e-08	1.719974e-05	1.826751e-06	-6.520059e-08	8.876040e+01	1.609762e-21	
1.599284e-01	4.303133e-02	1.000045e+00	0.000000e+00	0.000000e+00	2.515724e+00	1.000000e-10	1.006289e+00	1.006244e+00	6.677249e-01	0.000000e+00	5.583447e-08	1.730765e-05	1.712760e-06	-6.681712e-08	9.160825e+01	1.605446e-21	
1.719041e-01	4.417514e-02	9.995224e-01	0.000000e+00	0.000000e+00	2.514973e+00	1.000000e-10	1.005989e+00	1.006470e+00	6.358675e-01	0.000000e+00	5.584408e-08	1.737526e-05	1.601609e-06	-6.823076e-08	9.423853e+01	1.601266e-21	
1.841995e-01	4.526858e-02	9.990156e-01	0.000000e+00	0.000000e+00	2.514244e+00	1.000000e-10	1.005698e+00	1.006689e+00	6.048877e-01	0.000000e+00	5.585339e-08	1.741375e-05	1.493822e-06	-6.946738e-08	9.663226e+01	1.597223e-21	
1.968056e-01	4.631129e-02	9.985274e-01	0.000000e+00	0.000000e+00	2.513537e+00	1.000000e-10	1.005415e+00	1.006898e+00	5.748719e-01	0.000000e+00	5.586229e-08	1.743170e-05	1.390634e-06	-7.049728e-08	9.891919e+01	1.593341e-21	
2.097027e-01	4.730313e-02	9.980563e-01	0.000000e+00	0.000000e+00	2.512860e+00	1.000000e-10	1.005144e+00	1.007101e+00	5.461052e-01	0.000000e+00	5.587097e-08	1.743704e-05	1.292652e-06	-7.144859e-08	9.888471e+01	1.589595e-21	
2.228916e-01	4.824512e-02	9.976023e-01	0.000000e+00	0.000000e+00	2.512205e+00	1.000000e-10	1.004882e+00	1.007297e+00	5.183174e-01	0.000000e+00	5.587932e-08	1.743626e-05	1.198891e-06	-7.226674e-08	1.008526e+02	1.585994e-21	
2.363529e-01	4.913555e-02	9.971630e-01	0.000000e+00	0.000000e+00	2.511574e+00	1.000000e-10	1.004630e+00	1.007488e+00	4.915163e-01	0.000000e+00	5.588743e-08	1.743568e-05	1.108841e-06	-7.302684e-08	1.027601e+02	1.582512e-21	
6.354212e-01	4.953717e-02	9.879043e-01	0.000000e+00	0.000000e+00	2.496903e+00	1.000000e-10	9.987610e-01	1.010990e+00	-1.315395e-01	0.000000e+00	5.603640e-08	1.929362e-05	-1.641703e-06	-9.098848e-08	1.177576e+02	1.512425e-21	
6.200296e-01	5.073922e-02	9.882164e-01	0.000000e+00	0.000000e+00	2.497500e+00	1.000000e-10	9.989999e-01	1.010912e+00	-1.061768e-01	0.000000e+00	5.603310e-08	1.919271e-05	-1.382166e-06	-9.044889e-08	1.184874e+02	1.514605e-21	
6.045063e-01	5.176351e-02	9.885327e-01	0.000000e+00	0.000000e+00	2.498066e+00	1.000000e-10	9.992264e-01	1.010818e+00	-8.213084e-02	0.000000e+00	5.602909e-08	1.904591e-05	-1.159681e-06	-8.956190e-08	1.191181e+02	1.516870e-21	
5.888660e-01	5.263673e-02	9.888489e-01	0.000000e+00	0.000000e+00	2.498604e+00	1.000000e-10	9.994418e-01	1.010712e+00	-5.926712e-02	0.000000e+00	5.602461e-08	1.887791e-05	-9.714543e-07	-8.849431e-08	1.195367e+02	1.519177e-21	
5.731318e-01	5.337804e-02	9.891630e-01	0.000000e+00	0.000000e+00	2.499120e+00	1.000000e-10	9.996479e-01	1.010600e+00	-3.738615e-02	0.000000e+00	5.601982e-08	1.871458e-05	-8.088110e-07	-8.736507e-08	1.198733e+02	1.521498e-21	
5.573149e-01	5.400032e-02	9.894778e-01	0.000000e+00	0.000000e+00	2.499636e+00	1.000000e-10	9.998545e-01	1.010487e+00	-1.545117e-02	0.000000e+00	5.601503e-08	1.857141e-05	-6.670954e-07	-8.635239e-08	1.201038e+02	1.523826e-21	
5.414473e-01	5.451617e-02	9.898099e-01	0.000000e+00	0.000000e+00	2.500205e+00	1.000000e-10	1.000082e+00	1.010378e+00	8.696084e-03	0.000000e+00	5.601039e-08	1.844233e-05	-5.426620e-07	-8.552122e-08	1.202453e+02	1.526253e-21	
5.255298e-01	5.493559e-02	9.901504e-01	0.000000e+00	0.000000e+00	2.500786e+00	1.000000e-10	1.000315e+00	1.010265e+00	3.339116e-02	0.000000e+00	5.600560e-08	1.831228e-05	-4.288383e-07	-8.467610e-08	1.202420e+02	1.528746e-21	
5.095935e-01	5.526212e-02	9.904855e-01	0.000000e+00	0.000000e+00	2.501358e+00	1.000000e-10	1.000543e+00	1.010154e+00	5.767878e-02	0.000000e+00	5.600089e-08	1.818211e-05	-3.217972e-07	-8.391403e-08	1.201231e+02	1.531202e-21	
4.936391e-01	5.550001e-02	9.908111e-01	0.000000e+00	0.000000e+00	2.501891e+00	1.000000e-10	1.000757e+00	1.010038e+00	8.031950e-02	0.000000e+00	5.599592e-08	1.806248e-05	-2.213904e-07	-8.312407e-08	1.198838e+02	1.533625e-21	
4.776972e-01	5.565307e-02	9.911361e-01	0.000000e+00	0.000000e+00	2.502410e+00	1.000000e-10	1.000964e+00	1.009916e+00	1.023583e-01	0.000000e+00	5.599075e-08	1.796161e-05	-1.270262e-07	-8.236039e-08	1.195694e+02	1.536064e-21	
4.617785e-01	5.572533e-02	9.914657e-01	0.000000e+00	0.000000e+00	2.502940e+00	1.000000e-10	1.001176e+00	1.009794e+00	1.248381e-01	0.000000e+00	5.598555e-08	1.787792e-05	-3.812010e-08	-8.171194e-08	1.192575e+02	1.538537e-21	
4.458934e-01	5.572089e-02	9.918055e-01	0.000000e+00	0.000000e+00	2.503492e+00	1.000000e-10	1.001397e+00	1.009671e+00	1.483113e-01	0.000000e+00	5.598032e-08	1.780324e-05	4.569853e-08	-8.114898e-08	1.187985e+02	1.541079e-21	
4.300724e-01	5.564394e-02	9.921526e-01	0.000000e+00	0.000000e+00	2.504047e+00	1.000000e-10	1.001619e+00	1.009541e+00	1.718431e-01	0.000000e+00	5.597480e-08	1.773349e-05	1.251969e-07	-8.054860e-08	1.182763e+02	1.543694e-21	
4.143156e-01	5.549795e-02	9.925039e-01	0.000000e+00	0.000000e+00	2.504605e+00	1.000000e-10	1.001842e+00	1.009409e+00	1.955668e-01	0.000000e+00	5.596917e-08	1.767114e-05	2.010434e-07	-7.998541e-08	1.176515e+02	1.546348e-21	
3.986434e-01	5.528638e-02	9.928630e-01	0.000000e+00	0.000000e+00	2.505166e+00	1.000000e-10	1.002066e+00	1.009269e+00	2.193661e-01	0.000000e+00	5.596325e-08	1.761623e-05	2.735733e-07	-7.938152e-08	1.169018e+02	1.549079e-21	
2.500770e-01	4.997400e-02	9.967350e-01	0.000000e+00	0.000000e+00	2.510946e+00	1.000000e-10	1.004378e+00	1.007668e+00	4.648343e-01	0.000000e+00	5.589511e-08	1.743711e-05	1.022533e-06	-7.365696e-08	1.045331e+02	1.579146e-21	
2.640543e-01	5.076000e-02	9.963172e-01	0.000000e+00	0.000000e+00	2.510331e+00	1.000000e-10	1.004133e+00	1.007844e+00	4.387408e-01	0.000000e+00	5.590260e-08	1.743987e-05	9.387316e-07	-7.426941e-08	1.061504e+02	1.575866e-21	
3.830759e-01	5.501281e-02	9.932281e-01	0.000000e+00	0.000000e+00	2.505729e+00	1.000000e-10	1.002292e+00	1.009125e+00	2.432866e-01	0.000000e+00	5.595712e-08	1.756955e-05	3.436812e-07	-7.878022e-08	1.160921e+02	1.551869e-21	
2.782553e-01	5.149075e-02	9.959045e-01	0.000000e+00	0.000000e+00	2.509725e+00	1.000000e-10	1.003890e+00	1.008018e+00	4.129884e-01	0.000000e+00	5.591001e-08	1.744270e-05	8.561852e-07	-7.488919e-08	1.076828e+02	1.572632e-21	
3.676333e-01	5.467978e-02	9.935974e-01	0.000000e+00	0.000000e+00	2.506289e+00	1.000000e-10	1.002516e+00	1.008976e+00	2.670633e-01	0.000000e+00	5.595075e-08	1.752953e-05	4.125528e-07	-7.815334e-08	1.151999e+02	1.554708e-21	
2.926803e-01	5.216512e-02	9.954991e-01	0.000000e+00	0.000000e+00	2.509127e+00	1.000000e-10	1.003651e+00	1.008188e+00	3.875767e-01	0.000000e+00	5.591725e-08	1.744635e-05	7.750241e-07	-7.547755e-08	1.091966e+02	1.569462e-21	
3.523154e-01	5.428887e-02	9.939659e-01	0.000000e+00	0.000000e+00	2.506843e+00	1.000000e-10	1.002737e+00	1.008824e+00	2.905832e-01	0.000000e+00	5.594432e-08	1.749656e-05	4.806449e-07	-7.758232e-08	1.142076e+02	1.557553e-21	
3.371421e-01	5.384216e-02	9.943373e-01	0.000000e+00	0.000000e+00	2.507396e+00	1.000000e-10	1.002958e+00	1.008670e+00	3.140845e-01	0.000000e+00	5.593776e-08	1.747441e-05	5.492815e-07	-7.704555e-08	1.130583e+02	1.560431e-21	
3.221436e-01	5.334046e-02	9.947166e-01	0.000000e+00	0.000000e+00	2.507956e+00	1.000000e-10	1.003183e+00	1.008511e+00	3.378747e-01	0.000000e+00	5.593097e-08	1.746087e-05	6.207901e-07	-7.648714e-08	1.118494e+02	1.563383e-21	
3.073197e-01	5.278188e-02	9.951032e-01	0.000000e+00	0.000000e+00	2.508534e+00	1.000000e-10	1.003414e+00	1.008351e+00	3.624089e-01	0.000000e+00	5.592418e-08	1.745180e-05	6.961826e-07	-7.598376e-08	1.106107e+02	1.566385e-21	
5	4
4	9
9	26
26	30
30	34
34	40
40	42
42	43
43	44
44	48
48	49
49	53
53	58
58	74
47	41
41	35
35	31
31	27
27	10
10	5
74	75
75	78
78	81
81	82
82	87
87	88
88	89
89	90
90	93
93	94
94	95
95	104
104	107
107	108
108	109
109	110
110	115
115	116
116	114
114	113
113	112
112	111
111	106
106	105
105	103
103	102
102	101
101	100
100	99
99	98
98	97
97	96
96	92
92	91
91	86
86	85
85	84
84	83
83	80
80	79
16	15
15	14
14	13
13	12
12	11
11	7
7	6
6	1
1	2
2	3
3	8
8	24
24	28
28	32
32	36
36	37
37	45
45	50
50	118
118	120
120	122
122	124
124	125
125	127
127	130
130	131
131	133
133	136
136	139
175	166
166	165
165	164
164	163
163	162
162	161
161	160
160	159
159	158
158	157
157	156
156	155
155	154
154	153
153	152
152	150
150	149
149	148
148	147
147	146
146	143
143	142
142	138
138	137
137	135
135	134
134	132
132	129
129	128
128	126
126	123
123	121
121	119
119	117
117	47
79	77
77	76
76	73
73	72
72	71
71	70
70	69
69	68
68	67
67	66
66	65
65	64
64	63
63	62
62	61
61	60
60	59
59	57
57	56
56	55
55	54
54	52
52	51
51	46
46	39
39	38
38	33
33	29
29	25
25	23
23	22
22	21
21	20
20	19
19	18
18	17
17	16
139	140
140	141
141	144
144	145
145	151
151	167
167	168
168	169
169	170
170	171
171	172
172	173
173	174
174	191
191	192
192	194
194	196
196	200
200	199
199	198
198	197
197	195
195	193
193	190
190	189
189	188
188	187
187	186
186	185
185	184
184	183
183	182
182	181
181	180
180	179
179	178
178	177
177	176
176	175
