TITLE = "Visualization of the surface solution"
VARIABLES = "x""y""Conservative_1""Conservative_2""Conservative_3""Conservative_4""Conservative_5""Pressure""Temperature""C<sub>p</sub>""Mach""<greek>m</greek>""C<sub>f</sub>_x""C<sub>f</sub>_y""h""y<sup>+</sup>""<greek>m</greek><sub>t</sub>"
ZONE NODES= 200, ELEMENTS= 200, DATAPACKING=POINT, ZONETYPE=FELINESEG
3.124498e-03	-4.958983e-02	9.491103e-01	0.000000e+00	0.000000e+00	2.418695e+00	1.000000e-10	9.674781e-01	1.019353e+00	-3.452729e+00	0.000000e+00	5.639115e-08	9.172906e-05	-1.889590e-04	-1.357678e-06	7.726541e+01	1.264325e-21	
2.537646e-03	-4.826432e-02	9.518174e-01	0.000000e+00	0.000000e+00	2.418746e+00	1.000000e-10	9.674983e-01	1.016475e+00	-3.450581e+00	0.000000e+00	5.626923e-08	8.605887e-05	-2.044482e-04	-1.095167e-06	5.135340e+01	1.287142e-21	
2.003081e-03	-4.692571e-02	9.534317e-01	0.000000e+00	0.000000e+00	2.424535e+00	1.000000e-10	9.698142e-01	1.017183e+00	-3.204711e+00	0.000000e+00	5.629924e-08	7.573156e-05	-2.149048e-04	-1.292577e-06	4.729142e+01	1.293825e-21	
9.997621e-01	-1.104662e-03	9.855695e-01	0.000000e+00	0.000000e+00	2.480999e+00	1.000000e-10	9.923997e-01	1.006930e+00	-8.068954e-01	0.000000e+00	5.586368e-08	-3.569990e-06	-1.570872e-06	-3.287700e-07	1.632661e+00	1.512117e-21	
1.000000e+00	-1.000000e-03	9.842602e-01	0.000000e+00	0.000000e+00	2.480483e+00	1.000000e-10	9.921930e-01	1.008060e+00	-8.288377e-01	0.000000e+00	5.591177e-08	-2.662051e-05	-1.236278e-04	-1.678108e-06	1.364310e+01	1.500220e-21	
4.487486e-03	-5.228093e-02	9.500304e-01	0.000000e+00	0.000000e+00	2.424379e+00	1.000000e-10	9.697514e-01	1.020758e+00	-3.211377e+00	0.000000e+00	5.645064e-08	9.275161e-05	-1.692611e-04	-1.316436e-06	8.591668e+01	1.265227e-21	
6.075662e-03	-5.497537e-02	9.507836e-01	0.000000e+00	0.000000e+00	2.427176e+00	1.000000e-10	9.708706e-01	1.021127e+00	-3.092558e+00	0.000000e+00	5.646623e-08	9.379490e-05	-1.487900e-04	-1.239357e-06	8.806957e+01	1.268193e-21	
1.078855e-03	-4.412468e-02	9.500305e-01	0.000000e+00	0.000000e+00	2.427725e+00	1.000000e-10	9.710899e-01	1.022167e+00	-3.069269e+00	0.000000e+00	5.651022e-08	6.296662e-05	-2.257083e-04	-1.777012e-06	6.423481e+01	1.261230e-21	
9.990485e-01	-1.418680e-03	9.878850e-01	0.000000e+00	0.000000e+00	2.482967e+00	1.000000e-10	9.931866e-01	1.005367e+00	-7.233494e-01	0.000000e+00	5.579706e-08	5.448603e-06	2.397671e-06	-2.431383e-08	3.324200e+00	1.531851e-21	
1.000000e+00	0.000000e+00	9.326819e-01	0.000000e+00	0.000000e+00	2.409284e+00	1.000000e-10	9.637135e-01	1.033271e+00	-3.852397e+00	0.000000e+00	5.697843e-08	-4.511857e-05	-1.232499e-03	3.166274e-05	1.367340e+01	1.142951e-21	
7.917903e-03	-5.772272e-02	9.509921e-01	0.000000e+00	0.000000e+00	2.426460e+00	1.000000e-10	9.705840e-01	1.020601e+00	-3.122987e+00	0.000000e+00	5.644400e-08	9.228549e-05	-1.296331e-04	-1.112143e-06	8.339482e+01	1.270806e-21	
1.006240e-02	-6.057553e-02	9.514332e-01	0.000000e+00	0.000000e+00	2.425432e+00	1.000000e-10	9.701728e-01	1.019696e+00	-3.166634e+00	0.000000e+00	5.640570e-08	8.949899e-05	-1.128001e-04	-9.674914e-07	8.312173e+01	1.275761e-21	
1.251909e-02	-6.352182e-02	9.520714e-01	0.000000e+00	0.000000e+00	2.424673e+00	1.000000e-10	9.698692e-01	1.018694e+00	-3.198869e+00	0.000000e+00	5.636326e-08	8.589561e-05	-9.798864e-05	-8.302580e-07	8.317064e+01	1.282079e-21	
1.529738e-02	-6.654752e-02	9.527621e-01	0.000000e+00	0.000000e+00	2.424571e+00	1.000000e-10	9.698285e-01	1.017912e+00	-3.203195e+00	0.000000e+00	5.633016e-08	8.173911e-05	-8.476010e-05	-7.194035e-07	8.313722e+01	1.288071e-21	
1.843145e-02	-6.965269e-02	9.535043e-01	0.000000e+00	0.000000e+00	2.424909e+00	1.000000e-10	9.699637e-01	1.017262e+00	-3.188841e+00	0.000000e+00	5.630260e-08	7.705149e-05	-7.282894e-05	-6.239408e-07	8.319394e+01	1.293988e-21	
2.196161e-02	-7.284655e-02	9.544859e-01	0.000000e+00	0.000000e+00	2.425726e+00	1.000000e-10	9.702903e-01	1.016558e+00	-3.154159e+00	0.000000e+00	5.627277e-08	7.196292e-05	-6.239538e-05	-5.327834e-07	8.357857e+01	1.301392e-21	
2.590787e-02	-7.613512e-02	9.557512e-01	0.000000e+00	0.000000e+00	2.427506e+00	1.000000e-10	9.710023e-01	1.015957e+00	-3.078579e+00	0.000000e+00	5.624729e-08	6.678689e-05	-5.357734e-05	-4.563189e-07	8.387538e+01	1.310086e-21	
3.032086e-02	-7.955245e-02	9.571397e-01	0.000000e+00	0.000000e+00	2.429904e+00	1.000000e-10	9.719618e-01	1.015486e+00	-2.976711e+00	0.000000e+00	5.622730e-08	6.195669e-05	-4.620682e-05	-3.946362e-07	8.456363e+01	1.319121e-21	
3.519676e-02	-8.306270e-02	9.584040e-01	0.000000e+00	0.000000e+00	2.432250e+00	1.000000e-10	9.728999e-01	1.015125e+00	-2.877116e+00	0.000000e+00	5.621199e-08	5.749884e-05	-3.986471e-05	-3.447049e-07	8.542679e+01	1.327188e-21	
4.055945e-02	-8.665100e-02	9.595826e-01	0.000000e+00	0.000000e+00	2.434578e+00	1.000000e-10	9.738311e-01	1.014849e+00	-2.778254e+00	0.000000e+00	5.620027e-08	5.317250e-05	-3.427359e-05	-3.031871e-07	8.596572e+01	1.334563e-21	
4.640551e-02	-9.028757e-02	9.607491e-01	0.000000e+00	0.000000e+00	2.436994e+00	1.000000e-10	9.747974e-01	1.014622e+00	-2.675660e+00	0.000000e+00	5.619067e-08	4.898264e-05	-2.936976e-05	-2.679209e-07	8.656069e+01	1.341752e-21	
5.272092e-02	-9.394296e-02	9.618440e-01	0.000000e+00	0.000000e+00	2.439309e+00	1.000000e-10	9.757236e-01	1.014430e+00	-2.577335e+00	0.000000e+00	5.618251e-08	4.491943e-05	-2.507263e-05	-2.378780e-07	8.690331e+01	1.348466e-21	
5.950360e-02	-9.759851e-02	9.629819e-01	0.000000e+00	0.000000e+00	2.441776e+00	1.000000e-10	9.767104e-01	1.014256e+00	-2.472565e+00	0.000000e+00	5.617514e-08	4.093158e-05	-2.128413e-05	-2.118368e-07	8.697656e+01	1.355392e-21	
4.060150e-04	-4.120091e-02	9.474784e-01	0.000000e+00	0.000000e+00	2.425772e+00	1.000000e-10	9.703088e-01	1.024096e+00	-3.152200e+00	0.000000e+00	5.659173e-08	4.048219e-05	-2.342710e-04	-1.909323e-06	7.095382e+01	1.242348e-21	
6.675311e-02	-1.012396e-01	9.641868e-01	0.000000e+00	0.000000e+00	2.444450e+00	1.000000e-10	9.777799e-01	1.014098e+00	-2.359022e+00	0.000000e+00	5.616842e-08	3.708053e-05	-1.799092e-05	-1.890550e-07	8.643656e+01	1.362678e-21	
9.978687e-01	-1.937886e-03	9.888496e-01	0.000000e+00	0.000000e+00	2.483678e+00	1.000000e-10	9.934714e-01	1.004674e+00	-6.931178e-01	0.000000e+00	5.576753e-08	7.148723e-06	3.146158e-06	3.436378e-09	6.190261e+00	1.540287e-21	
9.999629e-01	-1.365583e-05	1.005225e+00	0.000000e+00	0.000000e+00	2.545372e+00	1.000000e-10	1.018149e+00	1.012857e+00	1.926808e+00	0.000000e+00	5.611571e-08	-3.060335e-04	-1.127194e-04	5.493295e-05	1.923980e+01	1.614452e-21	
3.518009e-05	-3.808492e-02	9.491067e-01	0.000000e+00	0.000000e+00	2.427048e+00	1.000000e-10	9.708191e-01	1.022877e+00	-3.098020e+00	0.000000e+00	5.654021e-08	1.252542e-05	-2.382005e-04	-1.834182e-06	7.019459e+01	1.254333e-21	
7.446654e-02	-1.048583e-01	9.654358e-01	0.000000e+00	0.000000e+00	2.447171e+00	1.000000e-10	9.788684e-01	1.013913e+00	-2.243458e+00	0.000000e+00	5.616059e-08	3.347013e-05	-1.519524e-05	-1.678704e-07	8.583258e+01	1.370325e-21	
9.962132e-01	-2.666479e-03	9.890503e-01	0.000000e+00	0.000000e+00	2.483789e+00	1.000000e-10	9.935156e-01	1.004515e+00	-6.884286e-01	0.000000e+00	5.576075e-08	7.326967e-06	3.225051e-06	2.757858e-09	8.972963e+00	1.542101e-21	
9.987533e-01	-4.591655e-04	9.778828e-01	0.000000e+00	0.000000e+00	2.473458e+00	1.000000e-10	9.893832e-01	1.011761e+00	-1.127141e+00	0.000000e+00	5.606916e-08	2.707972e-04	9.984406e-05	-2.814756e-08	3.544960e+01	1.449440e-21	
6.353361e-05	-3.468782e-02	9.517475e-01	0.000000e+00	0.000000e+00	2.428776e+00	1.000000e-10	9.715103e-01	1.020765e+00	-3.024645e+00	0.000000e+00	5.645091e-08	-1.902313e-05	-2.342500e-04	-1.670241e-06	6.986101e+01	1.274380e-21	
8.264737e-02	-1.084555e-01	9.666910e-01	0.000000e+00	0.000000e+00	2.449856e+00	1.000000e-10	9.799425e-01	1.013708e+00	-2.129428e+00	0.000000e+00	5.615187e-08	3.013995e-05	-1.283312e-05	-1.484243e-07	8.503248e+01	1.378107e-21	
9.940823e-01	-3.604519e-03	9.890940e-01	0.000000e+00	0.000000e+00	2.483868e+00	1.000000e-10	9.935474e-01	1.004502e+00	-6.850513e-01	0.000000e+00	5.576023e-08	7.052196e-06	3.104583e-06	-4.852686e-10	1.124217e+01	1.542416e-21	
9.970564e-01	-1.085278e-03	9.766946e-01	0.000000e+00	0.000000e+00	2.475222e+00	1.000000e-10	9.900890e-01	1.013714e+00	-1.052216e+00	0.000000e+00	5.615212e-08	1.706325e-04	6.303655e-05	-7.136058e-07	4.226723e+01	1.436024e-21	
6.108891e-04	-3.099566e-02	9.558190e-01	0.000000e+00	0.000000e+00	2.432665e+00	1.000000e-10	9.730659e-01	1.018044e+00	-2.859492e+00	0.000000e+00	5.633574e-08	-4.854840e-05	-2.175235e-04	-1.422063e-06	7.024245e+01	1.304295e-21	
1.772811e-03	-2.702932e-02	9.612999e-01	0.000000e+00	0.000000e+00	2.438386e+00	1.000000e-10	9.753545e-01	1.014620e+00	-2.616512e+00	0.000000e+00	5.619059e-08	-7.108118e-05	-1.905150e-04	-1.089420e-06	7.099958e+01	1.344838e-21	
9.127835e-02	-1.120165e-01	9.679350e-01	0.000000e+00	0.000000e+00	2.452487e+00	1.000000e-10	9.809950e-01	1.013493e+00	-2.017690e+00	0.000000e+00	5.614272e-08	2.710111e-05	-1.083265e-05	-1.307952e-07	8.402232e+01	1.385892e-21	
1.003586e-01	-1.155349e-01	9.691431e-01	0.000000e+00	0.000000e+00	2.455027e+00	1.000000e-10	9.820107e-01	1.013277e+00	-1.909860e+00	0.000000e+00	5.613358e-08	2.434745e-05	-9.143583e-06	-1.150649e-07	8.282965e+01	1.393504e-21	
9.914854e-01	-4.747833e-03	9.891399e-01	0.000000e+00	0.000000e+00	2.483988e+00	1.000000e-10	9.935953e-01	1.004504e+00	-6.799589e-01	0.000000e+00	5.576031e-08	6.468624e-06	2.848099e-06	-1.534840e-09	1.303355e+01	1.542696e-21	
9.948726e-01	-1.892806e-03	9.797028e-01	0.000000e+00	0.000000e+00	2.482933e+00	1.000000e-10	9.931733e-01	1.013750e+00	-7.247638e-01	0.000000e+00	5.615363e-08	1.319958e-04	4.886909e-05	-6.031166e-07	4.918958e+01	1.453680e-21	
9.884322e-01	-6.092221e-03	9.891767e-01	0.000000e+00	0.000000e+00	2.484080e+00	1.000000e-10	9.936321e-01	1.004504e+00	-6.760604e-01	0.000000e+00	5.576030e-08	5.788329e-06	2.548875e-06	-1.677287e-09	1.454439e+01	1.542926e-21	
9.849038e-01	-7.645992e-03	9.892167e-01	0.000000e+00	0.000000e+00	2.484177e+00	1.000000e-10	9.936706e-01	1.004502e+00	-6.719628e-01	0.000000e+00	5.576023e-08	5.063626e-06	2.229900e-06	-1.565406e-09	1.571723e+01	1.543182e-21	
9.809289e-01	-9.396493e-03	9.892555e-01	0.000000e+00	0.000000e+00	2.484268e+00	1.000000e-10	9.937074e-01	1.004500e+00	-6.680660e-01	0.000000e+00	5.576013e-08	4.332981e-06	1.908103e-06	-1.372976e-09	1.645791e+01	1.543432e-21	
3.645682e-03	-2.286167e-02	9.674135e-01	0.000000e+00	0.000000e+00	2.445798e+00	1.000000e-10	9.783190e-01	1.011273e+00	-2.301785e+00	0.000000e+00	5.604843e-08	-8.472353e-05	-1.566397e-04	-7.551820e-07	7.180997e+01	1.389899e-21	
1.098763e-01	-1.190009e-01	9.702790e-01	0.000000e+00	0.000000e+00	2.457403e+00	1.000000e-10	9.829611e-01	1.013071e+00	-1.808954e+00	0.000000e+00	5.612480e-08	2.186321e-05	-7.707192e-06	-1.011804e-07	8.144776e+01	1.400706e-21	
9.922119e-01	-2.878874e-03	9.811798e-01	0.000000e+00	0.000000e+00	2.486300e+00	1.000000e-10	9.945199e-01	1.013596e+00	-5.818052e-01	0.000000e+00	5.614711e-08	1.078385e-04	4.001011e-05	-5.149367e-07	5.532880e+01	1.462976e-21	
9.764884e-01	-1.135187e-02	9.892943e-01	0.000000e+00	0.000000e+00	2.484361e+00	1.000000e-10	9.937446e-01	1.004498e+00	-6.641159e-01	0.000000e+00	5.576005e-08	3.612976e-06	1.590815e-06	-1.185759e-09	1.681547e+01	1.543681e-21	
9.716110e-01	-1.349922e-02	9.893286e-01	0.000000e+00	0.000000e+00	2.484443e+00	1.000000e-10	9.937772e-01	1.004497e+00	-6.606531e-01	0.000000e+00	5.575997e-08	2.910185e-06	1.280990e-06	-9.840213e-10	1.662311e+01	1.543902e-21	
6.317071e-03	-1.862774e-02	9.745050e-01	0.000000e+00	0.000000e+00	2.458452e+00	1.000000e-10	9.833809e-01	1.009108e+00	-1.764391e+00	0.000000e+00	5.595638e-08	-8.880872e-05	-1.191757e-04	-5.276922e-07	7.205349e+01	1.438177e-21	
1.198146e-01	-1.223935e-01	9.713460e-01	0.000000e+00	0.000000e+00	2.459620e+00	1.000000e-10	9.838481e-01	1.012871e+00	-1.714780e+00	0.000000e+00	5.611633e-08	1.960219e-05	-6.466050e-06	-8.870118e-08	7.987534e+01	1.407515e-21	
1.301865e-01	-1.257005e-01	9.723213e-01	0.000000e+00	0.000000e+00	2.461661e+00	1.000000e-10	9.846645e-01	1.012695e+00	-1.628108e+00	0.000000e+00	5.610884e-08	1.751747e-05	-5.387222e-06	-7.777205e-08	7.801823e+01	1.413742e-21	
9.662775e-01	-1.584644e-02	9.893592e-01	0.000000e+00	0.000000e+00	2.484515e+00	1.000000e-10	9.938058e-01	1.004495e+00	-6.576090e-01	0.000000e+00	5.575989e-08	2.225133e-06	9.789627e-07	-7.809888e-10	1.587793e+01	1.544099e-21	
1.409639e-01	-1.288976e-01	9.732093e-01	0.000000e+00	0.000000e+00	2.463527e+00	1.000000e-10	9.854109e-01	1.012538e+00	-1.548869e+00	0.000000e+00	5.610217e-08	1.557075e-05	-4.446549e-06	-6.801873e-08	7.594015e+01	1.419420e-21	
1.521370e-01	-1.319689e-01	9.740409e-01	0.000000e+00	0.000000e+00	2.465292e+00	1.000000e-10	9.861166e-01	1.012398e+00	-1.473944e+00	0.000000e+00	5.609622e-08	1.374963e-05	-3.631360e-06	-5.931282e-08	7.361737e+01	1.424731e-21	
1.637051e-01	-1.349037e-01	9.748299e-01	0.000000e+00	0.000000e+00	2.466982e+00	1.000000e-10	9.867928e-01	1.012272e+00	-1.402162e+00	0.000000e+00	5.609088e-08	1.207759e-05	-2.939859e-06	-5.157517e-08	7.112634e+01	1.429762e-21	
1.756580e-01	-1.376943e-01	9.755562e-01	0.000000e+00	0.000000e+00	2.468558e+00	1.000000e-10	9.874232e-01	1.012164e+00	-1.335235e+00	0.000000e+00	5.608631e-08	1.055513e-05	-2.361616e-06	-4.483960e-08	6.846515e+01	1.434377e-21	
9.605069e-01	-1.838452e-02	9.893852e-01	0.000000e+00	0.000000e+00	2.484575e+00	1.000000e-10	9.938301e-01	1.004493e+00	-6.550365e-01	0.000000e+00	5.575980e-08	1.564081e-06	6.876203e-07	-5.955209e-10	1.441892e+01	1.544269e-21	
1.879741e-01	-1.403337e-01	9.762183e-01	0.000000e+00	0.000000e+00	2.470011e+00	1.000000e-10	9.880042e-01	1.012073e+00	-1.273546e+00	0.000000e+00	5.608243e-08	9.160711e-06	-1.879732e-06	-3.899769e-08	6.552533e+01	1.438574e-21	
2.006410e-01	-1.428206e-01	9.768398e-01	0.000000e+00	0.000000e+00	2.471391e+00	1.000000e-10	9.885562e-01	1.011994e+00	-1.214941e+00	0.000000e+00	5.607909e-08	7.891317e-06	-1.481552e-06	-3.392995e-08	6.240165e+01	1.442499e-21	
2.136354e-01	-1.451515e-01	9.774102e-01	0.000000e+00	0.000000e+00	2.472664e+00	1.000000e-10	9.890656e-01	1.011925e+00	-1.160858e+00	0.000000e+00	5.607614e-08	6.750806e-06	-1.153565e-06	-2.949710e-08	5.906087e+01	1.446099e-21	
2.269565e-01	-1.473174e-01	9.779150e-01	0.000000e+00	0.000000e+00	2.473786e+00	1.000000e-10	9.895146e-01	1.011862e+00	-1.113198e+00	0.000000e+00	5.607345e-08	5.720600e-06	-8.816490e-07	-2.550325e-08	5.557054e+01	1.449297e-21	
2.405831e-01	-1.493046e-01	9.783632e-01	0.000000e+00	0.000000e+00	2.474764e+00	1.000000e-10	9.899054e-01	1.011797e+00	-1.071704e+00	0.000000e+00	5.607073e-08	4.778038e-06	-6.564237e-07	-2.168493e-08	5.185195e+01	1.452168e-21	
2.545034e-01	-1.511019e-01	9.787760e-01	0.000000e+00	0.000000e+00	2.475645e+00	1.000000e-10	9.902579e-01	1.011731e+00	-1.034282e+00	0.000000e+00	5.606790e-08	3.918042e-06	-4.728839e-07	-1.798810e-08	4.785280e+01	1.454840e-21	
2.687049e-01	-1.526987e-01	9.791556e-01	0.000000e+00	0.000000e+00	2.476426e+00	1.000000e-10	9.905705e-01	1.011658e+00	-1.001099e+00	0.000000e+00	5.606480e-08	3.142866e-06	-3.270880e-07	-1.434121e-08	4.360224e+01	1.457340e-21	
2.831543e-01	-1.540837e-01	9.794965e-01	0.000000e+00	0.000000e+00	2.477107e+00	1.000000e-10	9.908427e-01	1.011584e+00	-9.721901e-01	0.000000e+00	5.606165e-08	2.446465e-06	-2.141264e-07	-1.090395e-08	3.909910e+01	1.459617e-21	
2.978479e-01	-1.552495e-01	9.797576e-01	0.000000e+00	0.000000e+00	2.477713e+00	1.000000e-10	9.910851e-01	1.011562e+00	-9.464616e-01	0.000000e+00	5.606070e-08	1.819347e-06	-1.293374e-07	-8.684398e-09	3.425848e+01	1.461248e-21	
3.127718e-01	-1.561892e-01	9.799250e-01	0.000000e+00	0.000000e+00	2.478267e+00	1.000000e-10	9.913067e-01	1.011615e+00	-9.229310e-01	0.000000e+00	5.606297e-08	1.260979e-06	-6.927615e-08	-7.821614e-09	2.894551e+01	1.462069e-21	
3.278929e-01	-1.569001e-01	9.801808e-01	0.000000e+00	0.000000e+00	2.478660e+00	1.000000e-10	9.914641e-01	1.011511e+00	-9.062260e-01	0.000000e+00	5.605857e-08	7.650783e-07	-3.004617e-08	-5.388058e-09	2.284584e+01	1.463941e-21	
3.431989e-01	-1.573841e-01	9.815880e-01	0.000000e+00	0.000000e+00	2.479085e+00	1.000000e-10	9.916342e-01	1.010235e+00	-8.881667e-01	0.000000e+00	5.600430e-08	3.042104e-07	-7.353784e-09	2.087542e-09	1.461341e+01	1.476651e-21	
3.586875e-01	-1.576445e-01	9.849183e-01	0.000000e+00	0.000000e+00	2.479405e+00	1.000000e-10	9.917619e-01	1.006948e+00	-8.746074e-01	0.000000e+00	5.586446e-08	-1.424374e-07	1.378430e-09	1.501245e-08	1.016054e+01	1.508061e-21	
3.743255e-01	-1.576853e-01	9.873209e-01	0.000000e+00	0.000000e+00	2.479914e+00	1.000000e-10	9.919658e-01	1.004705e+00	-8.529624e-01	0.000000e+00	5.576884e-08	-5.542721e-07	-2.324024e-09	1.111684e-08	2.030372e+01	1.530677e-21	
3.900895e-01	-1.575128e-01	9.875478e-01	0.000000e+00	0.000000e+00	2.480089e+00	1.000000e-10	9.920357e-01	1.004544e+00	-8.455379e-01	0.000000e+00	5.576202e-08	-9.084825e-07	-1.582276e-08	1.645049e-09	2.622846e+01	1.532647e-21	
9.542990e-01	-2.111257e-02	9.894054e-01	0.000000e+00	0.000000e+00	2.484622e+00	1.000000e-10	9.938486e-01	1.004491e+00	-6.530683e-01	0.000000e+00	5.575973e-08	9.302442e-07	4.085429e-07	-4.425209e-10	1.195283e+01	1.544401e-21	
9.476630e-01	-2.402529e-02	9.894179e-01	0.000000e+00	0.000000e+00	2.484650e+00	1.000000e-10	9.938601e-01	1.004490e+00	-6.518518e-01	0.000000e+00	5.575968e-08	3.264725e-07	1.431411e-07	-3.336004e-10	7.567944e+00	1.544484e-21	
4.059766e-01	-1.571341e-01	9.874576e-01	0.000000e+00	0.000000e+00	2.480368e+00	1.000000e-10	9.921472e-01	1.004749e+00	-8.337059e-01	0.000000e+00	5.577074e-08	-1.210124e-06	-3.654112e-08	-1.779493e-09	3.049297e+01	1.531368e-21	
4.219629e-01	-1.565504e-01	9.875411e-01	0.000000e+00	0.000000e+00	2.480697e+00	1.000000e-10	9.922788e-01	1.004797e+00	-8.197348e-01	0.000000e+00	5.577280e-08	-1.466620e-06	-6.314487e-08	-2.682417e-09	3.379085e+01	1.531716e-21	
9.406073e-01	-2.711568e-02	9.894222e-01	0.000000e+00	0.000000e+00	2.484660e+00	1.000000e-10	9.938642e-01	1.004489e+00	-6.514159e-01	0.000000e+00	5.575967e-08	-2.454612e-07	-1.072889e-07	-2.740942e-10	6.969854e+00	1.544511e-21	
4.380248e-01	-1.557543e-01	9.876604e-01	0.000000e+00	0.000000e+00	2.480975e+00	1.000000e-10	9.923901e-01	1.004789e+00	-8.079159e-01	0.000000e+00	5.577243e-08	-1.680011e-06	-9.461248e-08	-2.652607e-09	3.636463e+01	1.532487e-21	
4.541381e-01	-1.547384e-01	9.877880e-01	0.000000e+00	0.000000e+00	2.481264e+00	1.000000e-10	9.925057e-01	1.004776e+00	-7.956442e-01	0.000000e+00	5.577189e-08	-1.842676e-06	-1.290069e-07	-2.549747e-09	3.826651e+01	1.533324e-21	
9.331391e-01	-3.037354e-02	9.894183e-01	0.000000e+00	0.000000e+00	2.484653e+00	1.000000e-10	9.938614e-01	1.004491e+00	-6.517167e-01	0.000000e+00	5.575972e-08	-7.831405e-07	-3.405179e-07	-2.767219e-10	1.316344e+01	1.544482e-21	
9.252459e-01	-3.379500e-02	9.894045e-01	0.000000e+00	0.000000e+00	2.484625e+00	1.000000e-10	9.938500e-01	1.004493e+00	-6.529239e-01	0.000000e+00	5.575983e-08	-1.285980e-06	-5.548501e-07	-3.369862e-10	1.777463e+01	1.544388e-21	
4.702995e-01	-1.534947e-01	9.879098e-01	0.000000e+00	0.000000e+00	2.481536e+00	1.000000e-10	9.926143e-01	1.004762e+00	-7.841153e-01	0.000000e+00	5.577129e-08	-1.947378e-06	-1.638315e-07	-2.425443e-09	3.952040e+01	1.534130e-21	
4.864747e-01	-1.520179e-01	9.880075e-01	0.000000e+00	0.000000e+00	2.481742e+00	1.000000e-10	9.926967e-01	1.004746e+00	-7.753682e-01	0.000000e+00	5.577061e-08	-2.003250e-06	-1.976838e-07	-2.273394e-09	4.023258e+01	1.534792e-21	
5.026498e-01	-1.503023e-01	9.880825e-01	0.000000e+00	0.000000e+00	2.481890e+00	1.000000e-10	9.927562e-01	1.004730e+00	-7.690484e-01	0.000000e+00	5.576993e-08	-2.032141e-06	-2.307001e-07	-2.120247e-09	4.069831e+01	1.535315e-21	
5.188115e-01	-1.483469e-01	9.881480e-01	0.000000e+00	0.000000e+00	2.482018e+00	1.000000e-10	9.928070e-01	1.004715e+00	-7.636512e-01	0.000000e+00	5.576929e-08	-2.047712e-06	-2.624729e-07	-1.971218e-09	4.087639e+01	1.535775e-21	
9.169520e-01	-3.735767e-02	9.893807e-01	0.000000e+00	0.000000e+00	2.484575e+00	1.000000e-10	9.938301e-01	1.004497e+00	-6.550359e-01	0.000000e+00	5.576000e-08	-1.755230e-06	-7.493015e-07	-4.475305e-10	2.177706e+01	1.544225e-21	
9.082432e-01	-4.105338e-02	9.893447e-01	0.000000e+00	0.000000e+00	2.484499e+00	1.000000e-10	9.937996e-01	1.004503e+00	-6.582721e-01	0.000000e+00	5.576024e-08	-2.191094e-06	-9.224241e-07	-6.004867e-10	2.544448e+01	1.543979e-21	
8.991326e-01	-4.485941e-02	9.892944e-01	0.000000e+00	0.000000e+00	2.484393e+00	1.000000e-10	9.937573e-01	1.004511e+00	-6.627667e-01	0.000000e+00	5.576060e-08	-2.586399e-06	-1.070158e-06	-8.073228e-10	2.882191e+01	1.543636e-21	
8.896241e-01	-4.875727e-02	9.892322e-01	0.000000e+00	0.000000e+00	2.484266e+00	1.000000e-10	9.937064e-01	1.004523e+00	-6.681680e-01	0.000000e+00	5.576110e-08	-2.930482e-06	-1.189127e-06	-1.077322e-09	3.189769e+01	1.543206e-21	
5.349280e-01	-1.461649e-01	9.882097e-01	0.000000e+00	0.000000e+00	2.482138e+00	1.000000e-10	9.928550e-01	1.004701e+00	-7.585555e-01	0.000000e+00	5.576868e-08	-2.053698e-06	-2.921384e-07	-1.822002e-09	4.095593e+01	1.536209e-21	
5.509981e-01	-1.437683e-01	9.882613e-01	0.000000e+00	0.000000e+00	2.482233e+00	1.000000e-10	9.928934e-01	1.004687e+00	-7.544851e-01	0.000000e+00	5.576810e-08	-2.052126e-06	-3.194412e-07	-1.664812e-09	4.094378e+01	1.536578e-21	
8.797148e-01	-5.273873e-02	9.891596e-01	0.000000e+00	0.000000e+00	2.484118e+00	1.000000e-10	9.936471e-01	1.004537e+00	-6.744676e-01	0.000000e+00	5.576168e-08	-3.218732e-06	-1.279695e-06	-1.358858e-09	3.470619e+01	1.542705e-21	
8.694220e-01	-5.678918e-02	9.890800e-01	0.000000e+00	0.000000e+00	2.483955e+00	1.000000e-10	9.935821e-01	1.004552e+00	-6.813657e-01	0.000000e+00	5.576233e-08	-3.450304e-06	-1.343089e-06	-1.633228e-09	3.719139e+01	1.542155e-21	
8.587630e-01	-6.089458e-02	9.889965e-01	0.000000e+00	0.000000e+00	2.483785e+00	1.000000e-10	9.935138e-01	1.004568e+00	-6.886129e-01	0.000000e+00	5.576300e-08	-3.625683e-06	-1.380889e-06	-1.879743e-09	3.935713e+01	1.541578e-21	
5.669903e-01	-1.411740e-01	9.883007e-01	0.000000e+00	0.000000e+00	2.482302e+00	1.000000e-10	9.929208e-01	1.004675e+00	-7.515675e-01	0.000000e+00	5.576757e-08	-2.050618e-06	-3.453698e-07	-1.521014e-09	4.088133e+01	1.536866e-21	
5.829036e-01	-1.383947e-01	9.883274e-01	0.000000e+00	0.000000e+00	2.482342e+00	1.000000e-10	9.929370e-01	1.004664e+00	-7.498533e-01	0.000000e+00	5.576712e-08	-2.056179e-06	-3.711537e-07	-1.394058e-09	4.083764e+01	1.537070e-21	
5.987068e-01	-1.354490e-01	9.883451e-01	0.000000e+00	0.000000e+00	2.482365e+00	1.000000e-10	9.929461e-01	1.004655e+00	-7.488809e-01	0.000000e+00	5.576674e-08	-2.073811e-06	-3.981007e-07	-1.294708e-09	4.085547e+01	1.537211e-21	
6.143888e-01	-1.323506e-01	9.883525e-01	0.000000e+00	0.000000e+00	2.482367e+00	1.000000e-10	9.929467e-01	1.004648e+00	-7.488245e-01	0.000000e+00	5.576644e-08	-2.108996e-06	-4.282866e-07	-1.217845e-09	4.099623e+01	1.537282e-21	
6.299284e-01	-1.291086e-01	9.883528e-01	0.000000e+00	0.000000e+00	2.482355e+00	1.000000e-10	9.929422e-01	1.004643e+00	-7.493046e-01	0.000000e+00	5.576624e-08	-2.165952e-06	-4.638493e-07	-1.174773e-09	4.127367e+01	1.537301e-21	
6.453142e-01	-1.257278e-01	9.883479e-01	0.000000e+00	0.000000e+00	2.482335e+00	1.000000e-10	9.929342e-01	1.004640e+00	-7.501507e-01	0.000000e+00	5.576611e-08	-2.247688e-06	-5.063407e-07	-1.162085e-09	4.174222e+01	1.537282e-21	
6.605349e-01	-1.222138e-01	9.883420e-01	0.000000e+00	0.000000e+00	2.482317e+00	1.000000e-10	9.929270e-01	1.004639e+00	-7.509131e-01	0.000000e+00	5.576605e-08	-2.353991e-06	-5.565249e-07	-1.186432e-09	4.234044e+01	1.537249e-21	
6.755695e-01	-1.185749e-01	9.883375e-01	0.000000e+00	0.000000e+00	2.482306e+00	1.000000e-10	9.929224e-01	1.004639e+00	-7.514014e-01	0.000000e+00	5.576605e-08	-2.482987e-06	-6.147441e-07	-1.241059e-09	4.303664e+01	1.537221e-21	
8.477169e-01	-6.505584e-02	9.889120e-01	0.000000e+00	0.000000e+00	2.483612e+00	1.000000e-10	9.934446e-01	1.004583e+00	-6.959565e-01	0.000000e+00	5.576368e-08	-3.748209e-06	-1.395845e-06	-2.088998e-09	4.126426e+01	1.540995e-21	
6.903975e-01	-1.148204e-01	9.883374e-01	0.000000e+00	0.000000e+00	2.482308e+00	1.000000e-10	9.929233e-01	1.004640e+00	-7.513043e-01	0.000000e+00	5.576609e-08	-2.630480e-06	-6.806504e-07	-1.328600e-09	4.381974e+01	1.537217e-21	
7.050083e-01	-1.109575e-01	9.883438e-01	0.000000e+00	0.000000e+00	2.482328e+00	1.000000e-10	9.929313e-01	1.004642e+00	-7.504523e-01	0.000000e+00	5.576616e-08	-2.790889e-06	-7.531468e-07	-1.442670e-09	4.456841e+01	1.537251e-21	
8.363209e-01	-6.925209e-02	9.888301e-01	0.000000e+00	0.000000e+00	2.483444e+00	1.000000e-10	9.933776e-01	1.004599e+00	-7.030716e-01	0.000000e+00	5.576434e-08	-3.821718e-06	-1.390711e-06	-2.249356e-09	4.287058e+01	1.540430e-21	
8.245836e-01	-7.347400e-02	9.887536e-01	0.000000e+00	0.000000e+00	2.483288e+00	1.000000e-10	9.933153e-01	1.004614e+00	-7.096854e-01	0.000000e+00	5.576497e-08	-3.851815e-06	-1.368814e-06	-2.368174e-09	4.420237e+01	1.539902e-21	
8.124942e-01	-7.771938e-02	9.886788e-01	0.000000e+00	0.000000e+00	2.483135e+00	1.000000e-10	9.932538e-01	1.004627e+00	-7.162138e-01	0.000000e+00	5.576555e-08	-3.844237e-06	-1.333354e-06	-2.448590e-09	4.529834e+01	1.539387e-21	
8.000812e-01	-8.197252e-02	9.886064e-01	0.000000e+00	0.000000e+00	2.482981e+00	1.000000e-10	9.931926e-01	1.004639e+00	-7.227171e-01	0.000000e+00	5.576605e-08	-3.799750e-06	-1.285467e-06	-2.471434e-09	4.609659e+01	1.538895e-21	
7.193922e-01	-1.069959e-01	9.883584e-01	0.000000e+00	0.000000e+00	2.482370e+00	1.000000e-10	9.929481e-01	1.004644e+00	-7.486736e-01	0.000000e+00	5.576625e-08	-2.957874e-06	-8.303290e-07	-1.582232e-09	4.526791e+01	1.537335e-21	
7.335207e-01	-1.029536e-01	9.883786e-01	0.000000e+00	0.000000e+00	2.482425e+00	1.000000e-10	9.929699e-01	1.004645e+00	-7.463596e-01	0.000000e+00	5.576632e-08	-3.124554e-06	-9.099544e-07	-1.729647e-09	4.584379e+01	1.537455e-21	
7.473954e-01	-9.884060e-02	9.883992e-01	0.000000e+00	0.000000e+00	2.482478e+00	1.000000e-10	9.929912e-01	1.004646e+00	-7.440997e-01	0.000000e+00	5.576634e-08	-3.288924e-06	-9.911835e-07	-1.878577e-09	4.630708e+01	1.537581e-21	
7.610077e-01	-9.466979e-02	9.884260e-01	0.000000e+00	0.000000e+00	2.482548e+00	1.000000e-10	9.930190e-01	1.004647e+00	-7.411412e-01	0.000000e+00	5.576638e-08	-3.451217e-06	-1.073830e-06	-2.050415e-09	4.662503e+01	1.537745e-21	
7.873537e-01	-8.622446e-02	9.885384e-01	0.000000e+00	0.000000e+00	2.482831e+00	1.000000e-10	9.931324e-01	1.004647e+00	-7.291098e-01	0.000000e+00	5.576640e-08	-3.718371e-06	-1.225560e-06	-2.426564e-09	4.658328e+01	1.538442e-21	
7.743298e-01	-9.046006e-02	9.884734e-01	0.000000e+00	0.000000e+00	2.482671e+00	1.000000e-10	9.930683e-01	1.004649e+00	-7.359078e-01	0.000000e+00	5.576645e-08	-3.599989e-06	-1.153992e-06	-2.256734e-09	4.674765e+01	1.538034e-21	
9.890844e-01	-4.040329e-03	9.823796e-01	0.000000e+00	0.000000e+00	2.488577e+00	1.000000e-10	9.954309e-01	1.013285e+00	-4.850823e-01	0.000000e+00	5.613392e-08	9.049392e-05	3.363423e-05	-4.362527e-07	6.061693e+01	1.471181e-21	
9.835138e-03	-1.455581e-02	9.842178e-01	0.000000e+00	0.000000e+00	2.481961e+00	1.000000e-10	9.927842e-01	1.008704e+00	-7.660694e-01	0.000000e+00	5.593918e-08	-8.346242e-05	-8.115898e-05	-4.650991e-07	7.084269e+01	1.497758e-21	
9.854708e-01	-5.384376e-03	9.834695e-01	0.000000e+00	0.000000e+00	2.490460e+00	1.000000e-10	9.961838e-01	1.012928e+00	-4.051489e-01	0.000000e+00	5.611875e-08	7.740247e-05	2.879828e-05	-3.721488e-07	6.499958e+01	1.478920e-21	
1.424138e-02	-1.092213e-02	9.935040e-01	0.000000e+00	0.000000e+00	2.504520e+00	1.000000e-10	1.001808e+00	1.008358e+00	1.919631e-01	0.000000e+00	5.592449e-08	-6.906509e-05	-4.732655e-05	-4.103197e-07	6.755800e+01	1.556315e-21	
9.814000e-01	-6.899381e-03	9.843790e-01	0.000000e+00	0.000000e+00	2.491896e+00	1.000000e-10	9.967584e-01	1.012576e+00	-3.441525e-01	0.000000e+00	5.610379e-08	6.725228e-05	2.501931e-05	-3.215117e-07	6.908500e+01	1.485585e-21	
1.948044e-02	-7.946414e-03	1.000626e+00	0.000000e+00	0.000000e+00	2.520498e+00	1.000000e-10	1.008199e+00	1.007568e+00	8.704720e-01	0.000000e+00	5.589085e-08	-5.009084e-05	-2.403457e-05	-3.207664e-07	6.536318e+01	1.604316e-21	
9.768522e-01	-8.590693e-03	9.852590e-01	0.000000e+00	0.000000e+00	2.493314e+00	1.000000e-10	9.973256e-01	1.012247e+00	-2.839265e-01	0.000000e+00	5.608983e-08	5.913557e-05	2.196234e-05	-2.813951e-07	7.238067e+01	1.492019e-21	
2.546083e-02	-5.538815e-03	1.004724e+00	0.000000e+00	0.000000e+00	2.528344e+00	1.000000e-10	1.011338e+00	1.006583e+00	1.203690e+00	0.000000e+00	5.584889e-08	-3.263591e-05	-1.138653e-05	-2.256050e-07	5.617026e+01	1.634437e-21	
3.203755e-02	-3.565291e-03	1.006530e+00	0.000000e+00	0.000000e+00	2.530613e+00	1.000000e-10	1.012245e+00	1.005678e+00	1.300028e+00	0.000000e+00	5.581033e-08	-1.886717e-05	-4.842261e-06	-1.518170e-07	4.564729e+01	1.649638e-21	
9.718555e-01	-1.044413e-02	9.861215e-01	0.000000e+00	0.000000e+00	2.494696e+00	1.000000e-10	9.978785e-01	1.011922e+00	-2.252341e-01	0.000000e+00	5.607604e-08	5.249102e-05	1.942016e-05	-2.479576e-07	7.539031e+01	1.498355e-21	
3.916171e-02	-2.022482e-03	1.007272e+00	0.000000e+00	0.000000e+00	2.530596e+00	1.000000e-10	1.012238e+00	1.004931e+00	1.299308e+00	0.000000e+00	5.577849e-08	-8.210247e-06	-1.470720e-06	-1.002639e-07	3.217138e+01	1.657340e-21	
9.663888e-01	-1.246185e-02	9.869407e-01	0.000000e+00	0.000000e+00	2.496034e+00	1.000000e-10	9.984134e-01	1.011625e+00	-1.684412e-01	0.000000e+00	5.606338e-08	4.697091e-05	1.726494e-05	-2.206276e-07	7.801982e+01	1.504359e-21	
9.604691e-01	-1.462937e-02	9.877150e-01	0.000000e+00	0.000000e+00	2.497316e+00	1.000000e-10	9.989264e-01	1.011351e+00	-1.139849e-01	0.000000e+00	5.605175e-08	4.235455e-05	1.541513e-05	-1.979830e-07	8.040101e+01	1.510025e-21	
4.680418e-02	-9.201135e-04	1.007385e+00	0.000000e+00	0.000000e+00	2.529453e+00	1.000000e-10	1.011781e+00	1.004364e+00	1.250775e+00	0.000000e+00	5.575433e-08	-1.554466e-07	-1.753160e-08	-6.611285e-08	4.722008e+00	1.660241e-21	
5.490741e-02	-2.466497e-04	1.006975e+00	0.000000e+00	0.000000e+00	2.527820e+00	1.000000e-10	1.011128e+00	1.004124e+00	1.181409e+00	0.000000e+00	5.574408e-08	5.639144e-06	3.177846e-07	-5.094592e-08	3.037687e+01	1.658457e-21	
9.540933e-01	-1.693683e-02	9.884432e-01	0.000000e+00	0.000000e+00	2.498522e+00	1.000000e-10	9.994087e-01	1.011094e+00	-6.277392e-02	0.000000e+00	5.604082e-08	3.846109e-05	1.380450e-05	-1.788152e-07	8.249105e+01	1.515368e-21	
6.343257e-02	1.695197e-05	1.006335e+00	0.000000e+00	0.000000e+00	2.525988e+00	1.000000e-10	1.010395e+00	1.004035e+00	1.103630e+00	0.000000e+00	5.574030e-08	9.549977e-06	7.901863e-08	-4.435541e-08	4.222572e+01	1.654576e-21	
9.472667e-01	-1.936801e-02	9.891207e-01	0.000000e+00	0.000000e+00	2.499634e+00	1.000000e-10	9.998536e-01	1.010851e+00	-1.554418e-02	0.000000e+00	5.603050e-08	3.515057e-05	1.239359e-05	-1.624256e-07	8.434773e+01	1.520368e-21	
9.399951e-01	-2.190767e-02	9.897470e-01	0.000000e+00	0.000000e+00	2.500658e+00	1.000000e-10	1.000263e+00	1.010625e+00	2.796154e-02	0.000000e+00	5.602091e-08	3.231041e-05	1.116514e-05	-1.484702e-07	8.597967e+01	1.525005e-21	
7.237286e-02	-1.021367e-04	1.005609e+00	0.000000e+00	0.000000e+00	2.524282e+00	1.000000e-10	1.009713e+00	1.004081e+00	1.031181e+00	0.000000e+00	5.574226e-08	1.204137e-05	-3.782518e-07	-4.309347e-08	5.055474e+01	1.649633e-21	
9.322861e-01	-2.454467e-02	9.903229e-01	0.000000e+00	0.000000e+00	2.501594e+00	1.000000e-10	1.000638e+00	1.010416e+00	6.771035e-02	0.000000e+00	5.601200e-08	2.984672e-05	1.009571e-05	-1.364975e-07	8.745316e+01	1.529287e-21	
9.241278e-01	-2.727482e-02	9.908670e-01	0.000000e+00	0.000000e+00	2.502486e+00	1.000000e-10	1.000994e+00	1.010221e+00	1.055690e-01	0.000000e+00	5.600371e-08	2.768921e-05	9.157799e-06	-1.261533e-07	8.866669e+01	1.533332e-21	
8.169832e-02	-5.568246e-04	1.004882e+00	0.000000e+00	0.000000e+00	2.522822e+00	1.000000e-10	1.009129e+00	1.004226e+00	9.691793e-01	0.000000e+00	5.574846e-08	1.354985e-05	-8.661372e-07	-4.456566e-08	5.700723e+01	1.644320e-21	
9.140383e-02	-1.318640e-03	1.004169e+00	0.000000e+00	0.000000e+00	2.521524e+00	1.000000e-10	1.008610e+00	1.004422e+00	9.140651e-01	0.000000e+00	5.575681e-08	1.440360e-05	-1.319204e-06	-4.682869e-08	6.219857e+01	1.638923e-21	
1.014763e-01	-2.368260e-03	1.003512e+00	0.000000e+00	0.000000e+00	2.520406e+00	1.000000e-10	1.008162e+00	1.004634e+00	8.665650e-01	0.000000e+00	5.576583e-08	1.482008e-05	-1.710134e-06	-4.888663e-08	6.648071e+01	1.633845e-21	
9.155475e-01	-3.008071e-02	9.913841e-01	0.000000e+00	0.000000e+00	2.503335e+00	1.000000e-10	1.001334e+00	1.010036e+00	1.416324e-01	0.000000e+00	5.599587e-08	2.578625e-05	8.329586e-06	-1.170498e-07	8.973337e+01	1.537180e-21	
9.065337e-01	-3.295813e-02	9.918744e-01	0.000000e+00	0.000000e+00	2.504141e+00	1.000000e-10	1.001656e+00	1.009862e+00	1.758567e-01	0.000000e+00	5.598846e-08	2.409256e-05	7.593140e-06	-1.089936e-07	9.059202e+01	1.540835e-21	
1.118924e-01	-3.682877e-03	1.002925e+00	0.000000e+00	0.000000e+00	2.519459e+00	1.000000e-10	1.007783e+00	1.004844e+00	8.263430e-01	0.000000e+00	5.577478e-08	1.495992e-05	-2.042333e-06	-5.050827e-08	7.002642e+01	1.629243e-21	
1.226615e-01	-5.260473e-03	1.002400e+00	0.000000e+00	0.000000e+00	2.518650e+00	1.000000e-10	1.007460e+00	1.005048e+00	7.920014e-01	0.000000e+00	5.578350e-08	1.490982e-05	-2.325420e-06	-5.168374e-08	7.312149e+01	1.625066e-21	
8.971042e-01	-3.589340e-02	9.923406e-01	0.000000e+00	0.000000e+00	2.504904e+00	1.000000e-10	1.001962e+00	1.009695e+00	2.082478e-01	0.000000e+00	5.598136e-08	2.257381e-05	6.932599e-06	-1.017637e-07	9.132184e+01	1.544321e-21	
8.872672e-01	-3.887502e-02	9.927809e-01	0.000000e+00	0.000000e+00	2.505620e+00	1.000000e-10	1.002248e+00	1.009536e+00	2.386635e-01	0.000000e+00	5.597459e-08	2.120272e-05	6.332845e-06	-9.525950e-08	9.193865e+01	1.547625e-21	
8.770203e-01	-4.189209e-02	9.931973e-01	0.000000e+00	0.000000e+00	2.506288e+00	1.000000e-10	1.002515e+00	1.009382e+00	2.670364e-01	0.000000e+00	5.596803e-08	1.995895e-05	5.783283e-06	-8.933196e-08	9.241712e+01	1.550769e-21	
8.663811e-01	-4.492697e-02	9.935906e-01	0.000000e+00	0.000000e+00	2.506917e+00	1.000000e-10	1.002767e+00	1.009235e+00	2.937309e-01	0.000000e+00	5.596180e-08	1.883011e-05	5.278473e-06	-8.399467e-08	9.279967e+01	1.553746e-21	
8.553673e-01	-4.796188e-02	9.939615e-01	0.000000e+00	0.000000e+00	2.507507e+00	1.000000e-10	1.003003e+00	1.009096e+00	3.187964e-01	0.000000e+00	5.595588e-08	1.780572e-05	4.813720e-06	-7.918294e-08	9.317724e+01	1.556560e-21	
1.337522e-01	-7.092255e-03	1.001919e+00	0.000000e+00	0.000000e+00	2.517939e+00	1.000000e-10	1.007176e+00	1.005246e+00	7.618205e-01	0.000000e+00	5.579194e-08	1.472467e-05	-2.557205e-06	-5.246528e-08	7.577104e+01	1.621218e-21	
8.439567e-01	-5.098934e-02	9.943167e-01	0.000000e+00	0.000000e+00	2.508076e+00	1.000000e-10	1.003230e+00	1.008965e+00	3.429556e-01	0.000000e+00	5.595028e-08	1.686916e-05	4.383355e-06	-7.483800e-08	9.334610e+01	1.559255e-21	
8.321871e-01	-5.398513e-02	9.946527e-01	0.000000e+00	0.000000e+00	2.508608e+00	1.000000e-10	1.003443e+00	1.008838e+00	3.655314e-01	0.000000e+00	5.594488e-08	1.600653e-05	3.982256e-06	-7.082094e-08	9.345458e+01	1.561816e-21	
8.200664e-01	-5.693298e-02	9.949563e-01	0.000000e+00	0.000000e+00	2.509076e+00	1.000000e-10	1.003631e+00	1.008718e+00	3.854394e-01	0.000000e+00	5.593980e-08	1.521627e-05	3.608948e-06	-6.716378e-08	9.356446e+01	1.564149e-21	
8.075828e-01	-5.982070e-02	9.952384e-01	0.000000e+00	0.000000e+00	2.509509e+00	1.000000e-10	1.003804e+00	1.008606e+00	4.038340e-01	0.000000e+00	5.593504e-08	1.450422e-05	3.263562e-06	-6.389728e-08	9.356236e+01	1.566324e-21	
7.947643e-01	-6.262615e-02	9.955110e-01	0.000000e+00	0.000000e+00	2.509934e+00	1.000000e-10	1.003974e+00	1.008501e+00	4.218527e-01	0.000000e+00	5.593054e-08	1.386080e-05	2.942650e-06	-6.096665e-08	9.348690e+01	1.568419e-21	
7.816200e-01	-6.533259e-02	9.957716e-01	0.000000e+00	0.000000e+00	2.510345e+00	1.000000e-10	1.004138e+00	1.008402e+00	4.393310e-01	0.000000e+00	5.592634e-08	1.326646e-05	2.641906e-06	-5.830898e-08	9.331943e+01	1.570416e-21	
7.681698e-01	-6.792222e-02	9.960118e-01	0.000000e+00	0.000000e+00	2.510717e+00	1.000000e-10	1.004287e+00	1.008308e+00	4.551003e-01	0.000000e+00	5.592234e-08	1.271714e-05	2.359928e-06	-5.584719e-08	9.315120e+01	1.572270e-21	
7.544140e-01	-7.038124e-02	9.962317e-01	0.000000e+00	0.000000e+00	2.511056e+00	1.000000e-10	1.004422e+00	1.008222e+00	4.694928e-01	0.000000e+00	5.591866e-08	1.221555e-05	2.096090e-06	-5.364879e-08	9.294840e+01	1.573969e-21	
7.403628e-01	-7.269368e-02	9.964387e-01	0.000000e+00	0.000000e+00	2.511369e+00	1.000000e-10	1.004548e+00	1.008138e+00	4.828062e-01	0.000000e+00	5.591510e-08	1.175827e-05	1.848491e-06	-5.161116e-08	9.267396e+01	1.575578e-21	
7.260477e-01	-7.484064e-02	9.966293e-01	0.000000e+00	0.000000e+00	2.511659e+00	1.000000e-10	1.004664e+00	1.008062e+00	4.951372e-01	0.000000e+00	5.591185e-08	1.134308e-05	1.615423e-06	-4.980998e-08	9.242379e+01	1.577059e-21	
7.114798e-01	-7.680705e-02	9.968062e-01	0.000000e+00	0.000000e+00	2.511924e+00	1.000000e-10	1.004770e+00	1.007989e+00	5.063898e-01	0.000000e+00	5.590877e-08	1.096520e-05	1.394933e-06	-4.815516e-08	9.224144e+01	1.578440e-21	
6.966605e-01	-7.857912e-02	9.969667e-01	0.000000e+00	0.000000e+00	2.512169e+00	1.000000e-10	1.004868e+00	1.007925e+00	5.167643e-01	0.000000e+00	5.590603e-08	1.062318e-05	1.185906e-06	-4.673372e-08	9.198568e+01	1.579689e-21	
6.816224e-01	-8.014015e-02	9.971159e-01	0.000000e+00	0.000000e+00	2.512386e+00	1.000000e-10	1.004954e+00	1.007861e+00	5.259744e-01	0.000000e+00	5.590332e-08	1.031365e-05	9.872521e-07	-4.539610e-08	9.179959e+01	1.580865e-21	
6.663788e-01	-8.147777e-02	9.972523e-01	0.000000e+00	0.000000e+00	2.512587e+00	1.000000e-10	1.005035e+00	1.007804e+00	5.345173e-01	0.000000e+00	5.590088e-08	1.003571e-05	7.981697e-07	-4.424969e-08	9.160363e+01	1.581937e-21	
6.509437e-01	-8.258012e-02	9.973814e-01	0.000000e+00	0.000000e+00	2.512768e+00	1.000000e-10	1.005107e+00	1.007746e+00	5.422158e-01	0.000000e+00	5.589842e-08	9.785388e-06	6.171625e-07	-4.316050e-08	9.143516e+01	1.582965e-21	
1.451536e-01	-9.166626e-03	1.001483e+00	0.000000e+00	0.000000e+00	2.517311e+00	1.000000e-10	1.006924e+00	1.005433e+00	7.351276e-01	0.000000e+00	5.579989e-08	1.443643e-05	-2.733649e-06	-5.279752e-08	7.810665e+01	1.617708e-21	
1.568651e-01	-1.146886e-02	1.001091e+00	0.000000e+00	0.000000e+00	2.516770e+00	1.000000e-10	1.006708e+00	1.005611e+00	7.121777e-01	0.000000e+00	5.580747e-08	1.407616e-05	-2.856630e-06	-5.286264e-08	8.009115e+01	1.614516e-21	
1.688785e-01	-1.398138e-02	1.000746e+00	0.000000e+00	0.000000e+00	2.516314e+00	1.000000e-10	1.006526e+00	1.005775e+00	6.927958e-01	0.000000e+00	5.581447e-08	1.367501e-05	-2.932676e-06	-5.263039e-08	8.175516e+01	1.611687e-21	
1.811783e-01	-1.668296e-02	1.000448e+00	0.000000e+00	0.000000e+00	2.515938e+00	1.000000e-10	1.006375e+00	1.005925e+00	6.768399e-01	0.000000e+00	5.582085e-08	1.325955e-05	-2.967407e-06	-5.216666e-08	8.313611e+01	1.609212e-21	
1.937601e-01	-1.954974e-02	1.000192e+00	0.000000e+00	0.000000e+00	2.515630e+00	1.000000e-10	1.006252e+00	1.006058e+00	6.637331e-01	0.000000e+00	5.582655e-08	1.284946e-05	-2.964991e-06	-5.147687e-08	8.434476e+01	1.607076e-21	
2.066101e-01	-2.255131e-02	9.999727e-01	0.000000e+00	0.000000e+00	2.515380e+00	1.000000e-10	1.006152e+00	1.006179e+00	6.531213e-01	0.000000e+00	5.583170e-08	1.245929e-05	-2.935053e-06	-5.069329e-08	8.536658e+01	1.605221e-21	
2.197337e-01	-2.566838e-02	9.997824e-01	0.000000e+00	0.000000e+00	2.515172e+00	1.000000e-10	1.006069e+00	1.006288e+00	6.442800e-01	0.000000e+00	5.583631e-08	1.209193e-05	-2.889506e-06	-4.984323e-08	8.619963e+01	1.603603e-21	
2.331147e-01	-2.888486e-02	9.996189e-01	0.000000e+00	0.000000e+00	2.514989e+00	1.000000e-10	1.005996e+00	1.006379e+00	6.365503e-01	0.000000e+00	5.584022e-08	1.174306e-05	-2.833122e-06	-4.885438e-08	8.692353e+01	1.602218e-21	
6.353414e-01	-8.343529e-02	9.975008e-01	0.000000e+00	0.000000e+00	2.512939e+00	1.000000e-10	1.005176e+00	1.007694e+00	5.494882e-01	0.000000e+00	5.589621e-08	9.561848e-06	4.430336e-07	-4.224321e-08	9.128886e+01	1.583911e-21	
6.195965e-01	-8.403254e-02	9.976145e-01	0.000000e+00	0.000000e+00	2.513092e+00	1.000000e-10	1.005237e+00	1.007641e+00	5.559882e-01	0.000000e+00	5.589393e-08	9.361105e-06	2.745011e-07	-4.135690e-08	9.116335e+01	1.584828e-21	
6.037240e-01	-8.436243e-02	9.977149e-01	0.000000e+00	0.000000e+00	2.513224e+00	1.000000e-10	1.005290e+00	1.007592e+00	5.615931e-01	0.000000e+00	5.589187e-08	9.182952e-06	1.107681e-07	-4.061926e-08	9.110410e+01	1.585641e-21	
5.877386e-01	-8.441682e-02	9.977981e-01	0.000000e+00	0.000000e+00	2.513310e+00	1.000000e-10	1.005324e+00	1.007542e+00	5.652097e-01	0.000000e+00	5.588975e-08	9.028612e-06	-4.727913e-08	-3.992921e-08	9.024442e+01	1.586350e-21	
5.716652e-01	-8.419455e-02	9.978560e-01	0.000000e+00	0.000000e+00	2.513348e+00	1.000000e-10	1.005339e+00	1.007499e+00	5.668589e-01	0.000000e+00	5.588792e-08	8.908495e-06	-1.985767e-07	-3.946192e-08	9.008885e+01	1.586874e-21	
5.555183e-01	-8.369861e-02	9.979117e-01	0.000000e+00	0.000000e+00	2.513386e+00	1.000000e-10	1.005354e+00	1.007458e+00	5.684475e-01	0.000000e+00	5.588616e-08	8.831867e-06	-3.443190e-07	-3.914234e-08	9.003146e+01	1.587379e-21	
5.393333e-01	-8.293406e-02	9.979848e-01	0.000000e+00	0.000000e+00	2.513464e+00	1.000000e-10	1.005386e+00	1.007416e+00	5.717821e-01	0.000000e+00	5.588436e-08	8.786059e-06	-4.860735e-07	-3.893245e-08	9.001961e+01	1.587998e-21	
5.231143e-01	-8.190591e-02	9.980743e-01	0.000000e+00	0.000000e+00	2.513588e+00	1.000000e-10	1.005435e+00	1.007375e+00	5.770265e-01	0.000000e+00	5.588262e-08	8.752374e-06	-6.238624e-07	-3.880412e-08	8.995745e+01	1.588715e-21	
5.068965e-01	-8.062199e-02	9.981644e-01	0.000000e+00	0.000000e+00	2.513699e+00	1.000000e-10	1.005480e+00	1.007329e+00	5.817648e-01	0.000000e+00	5.588066e-08	8.725816e-06	-7.579441e-07	-3.862134e-08	8.988523e+01	1.589457e-21	
4.906842e-01	-7.908896e-02	9.982385e-01	0.000000e+00	0.000000e+00	2.513770e+00	1.000000e-10	1.005508e+00	1.007282e+00	5.847499e-01	0.000000e+00	5.587867e-08	8.713308e-06	-8.891621e-07	-3.849674e-08	8.983464e+01	1.590098e-21	
4.745112e-01	-7.731719e-02	9.983025e-01	0.000000e+00	0.000000e+00	2.513809e+00	1.000000e-10	1.005523e+00	1.007233e+00	5.863985e-01	0.000000e+00	5.587658e-08	8.724516e-06	-1.019242e-06	-3.840853e-08	8.977875e+01	1.590685e-21	
4.583898e-01	-7.531617e-02	9.983647e-01	0.000000e+00	0.000000e+00	2.513852e+00	1.000000e-10	1.005541e+00	1.007188e+00	5.882592e-01	0.000000e+00	5.587466e-08	8.761482e-06	-1.149332e-06	-3.848462e-08	8.979100e+01	1.591246e-21	
4.423322e-01	-7.309594e-02	9.984299e-01	0.000000e+00	0.000000e+00	2.513907e+00	1.000000e-10	1.005563e+00	1.007144e+00	5.905900e-01	0.000000e+00	5.587279e-08	8.816369e-06	-1.279253e-06	-3.867168e-08	8.977239e+01	1.591820e-21	
4.263707e-01	-7.067021e-02	9.984978e-01	0.000000e+00	0.000000e+00	2.513963e+00	1.000000e-10	1.005585e+00	1.007098e+00	5.929591e-01	0.000000e+00	5.587083e-08	8.886282e-06	-1.409242e-06	-3.889137e-08	8.969577e+01	1.592422e-21	
4.105069e-01	-6.804888e-02	9.985623e-01	0.000000e+00	0.000000e+00	2.514010e+00	1.000000e-10	1.005604e+00	1.007052e+00	5.949369e-01	0.000000e+00	5.586885e-08	8.973996e-06	-1.540146e-06	-3.918019e-08	8.962992e+01	1.593002e-21	
3.947625e-01	-6.524550e-02	9.986234e-01	0.000000e+00	0.000000e+00	2.514046e+00	1.000000e-10	1.005618e+00	1.007005e+00	5.964800e-01	0.000000e+00	5.586685e-08	9.082929e-06	-1.671811e-06	-3.954825e-08	8.954980e+01	1.593564e-21	
2.467472e-01	-3.218563e-02	9.994743e-01	0.000000e+00	0.000000e+00	2.514822e+00	1.000000e-10	1.005929e+00	1.006458e+00	6.294509e-01	0.000000e+00	5.584357e-08	1.141037e-05	-2.765948e-06	-4.778908e-08	8.742588e+01	1.601002e-21	
2.606258e-01	-3.555375e-02	9.993426e-01	0.000000e+00	0.000000e+00	2.514663e+00	1.000000e-10	1.005865e+00	1.006527e+00	6.226895e-01	0.000000e+00	5.584650e-08	1.109108e-05	-2.687756e-06	-4.668021e-08	8.784025e+01	1.599906e-21	
3.791571e-01	-6.227861e-02	9.986828e-01	0.000000e+00	0.000000e+00	2.514075e+00	1.000000e-10	1.005630e+00	1.006956e+00	5.977247e-01	0.000000e+00	5.586480e-08	9.216083e-06	-1.801865e-06	-3.999687e-08	8.944336e+01	1.594118e-21	
2.747255e-01	-3.896575e-02	9.992254e-01	0.000000e+00	0.000000e+00	2.514534e+00	1.000000e-10	1.005813e+00	1.006593e+00	6.171949e-01	0.000000e+00	5.584933e-08	1.078881e-05	-2.599891e-06	-4.564981e-08	8.819785e+01	1.598914e-21	
3.637073e-01	-5.917380e-02	9.987425e-01	0.000000e+00	0.000000e+00	2.514106e+00	1.000000e-10	1.005642e+00	1.006909e+00	5.990296e-01	0.000000e+00	5.586276e-08	9.374264e-06	-1.928585e-06	-4.054831e-08	8.929661e+01	1.594674e-21	
2.890514e-01	-4.240376e-02	9.991228e-01	0.000000e+00	0.000000e+00	2.514429e+00	1.000000e-10	1.005771e+00	1.006655e+00	6.127322e-01	0.000000e+00	5.585194e-08	1.050479e-05	-2.503146e-06	-4.466114e-08	8.852228e+01	1.598033e-21	
3.484093e-01	-5.595281e-02	9.988040e-01	0.000000e+00	0.000000e+00	2.514145e+00	1.000000e-10	1.005658e+00	1.006862e+00	6.007020e-01	0.000000e+00	5.586079e-08	9.558643e-06	-2.052236e-06	-4.123096e-08	8.921237e+01	1.595235e-21	
3.332794e-01	-5.264094e-02	9.988721e-01	0.000000e+00	0.000000e+00	2.514197e+00	1.000000e-10	1.005679e+00	1.006814e+00	6.028898e-01	0.000000e+00	5.585874e-08	9.766535e-06	-2.172360e-06	-4.199390e-08	8.909316e+01	1.595846e-21	
3.183439e-01	-4.926541e-02	9.989479e-01	0.000000e+00	0.000000e+00	2.514259e+00	1.000000e-10	1.005704e+00	1.006763e+00	6.055250e-01	0.000000e+00	5.585655e-08	9.994476e-06	-2.288139e-06	-4.280513e-08	8.890177e+01	1.596519e-21	
3.035992e-01	-4.584596e-02	9.990313e-01	0.000000e+00	0.000000e+00	2.514338e+00	1.000000e-10	1.005735e+00	1.006710e+00	6.088714e-01	0.000000e+00	5.585431e-08	1.024039e-05	-2.398766e-06	-4.370468e-08	8.873980e+01	1.597244e-21	
5	4
4	9
9	26
26	30
30	34
34	40
40	42
42	43
43	44
44	48
48	49
49	53
53	58
58	74
47	41
41	35
35	31
31	27
27	10
10	5
74	75
75	78
78	81
81	82
82	87
87	88
88	89
89	90
90	93
93	94
94	95
95	104
104	107
107	108
108	109
109	110
110	115
115	116
116	114
114	113
113	112
112	111
111	106
106	105
105	103
103	102
102	101
101	100
100	99
99	98
98	97
97	96
96	92
92	91
91	86
86	85
85	84
84	83
83	80
80	79
16	15
15	14
14	13
13	12
12	11
11	7
7	6
6	1
1	2
2	3
3	8
8	24
24	28
28	32
32	36
36	37
37	45
45	50
50	118
118	120
120	122
122	124
124	125
125	127
127	130
130	131
131	133
133	136
136	139
175	166
166	165
165	164
164	163
163	162
162	161
161	160
160	159
159	158
158	157
157	156
156	155
155	154
154	153
153	152
152	150
150	149
149	148
148	147
147	146
146	143
143	142
142	138
138	137
137	135
135	134
134	132
132	129
129	128
128	126
126	123
123	121
121	119
119	117
117	47
79	77
77	76
76	73
73	72
72	71
71	70
70	69
69	68
68	67
67	66
66	65
65	64
64	63
63	62
62	61
61	60
60	59
59	57
57	56
56	55
55	54
54	52
52	51
51	46
46	39
39	38
38	33
33	29
29	25
25	23
23	22
22	21
21	20
20	19
19	18
18	17
17	16
139	140
140	141
141	144
144	145
145	151
151	167
167	168
168	169
169	170
170	171
171	172
172	173
173	174
174	191
191	192
192	194
194	196
196	200
200	199
199	198
198	197
197	195
195	193
193	190
190	189
189	188
188	187
187	186
186	185
185	184
184	183
183	182
182	181
181	180
180	179
179	178
178	177
177	176
176	175
