TITLE = "Visualization of the surface solution"
VARIABLES = "x""y""Conservative_1""Conservative_2""Conservative_3""Conservative_4""Pressure""Temperature""C<sub>p</sub>""Mach""<greek>m</greek>""C<sub>f</sub>_x""C<sub>f</sub>_y""h""y<sup>+</sup>"
ZONE NODES= 200, ELEMENTS= 200, DATAPACKING=POINT, ZONETYPE=FELINESEG
3.124498e-03	-5.674412e-02	1.248866e-01	3.227531e+00	-1.129420e+01	2.710433e+04	1.062077e+04	2.962583e+02	-4.693355e+00	2.725848e-01	1.828158e-05	0.000000e+00	0.000000e+00	0.000000e+00	0.000000e+00	
2.537646e-03	-5.451554e-02	1.248642e-01	2.850048e+00	-1.140505e+01	2.710018e+04	1.061871e+04	2.962542e+02	-4.713018e+00	2.728550e-01	1.828138e-05	0.000000e+00	0.000000e+00	0.000000e+00	0.000000e+00	
2.003081e-03	-5.227926e-02	1.251022e-01	2.451817e+00	-1.138945e+01	2.714922e+04	1.064269e+04	2.963583e+02	-4.483899e+00	2.698469e-01	1.828634e-05	0.000000e+00	0.000000e+00	0.000000e+00	0.000000e+00	
9.997621e-01	-1.104660e-03	1.310133e-01	7.247681e+00	2.287043e+00	2.828322e+04	1.122511e+04	2.984735e+02	1.080633e+00	1.674921e-01	1.838684e-05	0.000000e+00	0.000000e+00	0.000000e+00	0.000000e+00	
1.000000e+00	-1.000000e-03	1.133560e-01	-1.505213e+00	6.110995e+00	2.446420e+04	9.715794e+03	2.985823e+02	-1.333968e+01	1.602790e-01	1.839200e-05	0.000000e+00	0.000000e+00	0.000000e+00	0.000000e+00	
4.487486e-03	-6.129641e-02	1.249163e-01	3.637628e+00	-1.126479e+01	2.711285e+04	1.062079e+04	2.961883e+02	-4.693216e+00	2.746695e-01	1.827824e-05	0.000000e+00	0.000000e+00	0.000000e+00	0.000000e+00	
6.075662e-03	-6.587158e-02	1.247036e-01	4.174476e+00	-1.123941e+01	2.707095e+04	1.059783e+04	2.960522e+02	-4.912521e+00	2.787359e-01	1.827176e-05	0.000000e+00	0.000000e+00	0.000000e+00	0.000000e+00	
1.078855e-03	-4.766987e-02	1.251332e-01	1.959709e+00	-1.132479e+01	2.715264e+04	1.064993e+04	2.964863e+02	-4.414736e+00	2.660808e-01	1.829243e-05	0.000000e+00	0.000000e+00	0.000000e+00	0.000000e+00	
9.990485e-01	-1.418575e-03	1.277437e-01	4.633995e+00	2.265671e+00	2.755230e+04	1.097926e+04	2.994085e+02	-1.268245e+00	1.164070e-01	1.843116e-05	0.000000e+00	0.000000e+00	0.000000e+00	0.000000e+00	
1.000000e+00	0.000000e+00	2.420740e-01	1.936613e+01	1.029321e+02	5.858256e+04	1.436963e+04	2.067892e+02	3.112394e+01	1.500871e+00	1.366819e-05	0.000000e+00	0.000000e+00	0.000000e+00	0.000000e+00	
7.917903e-03	-7.053576e-02	1.246122e-01	4.690120e+00	-1.117581e+01	2.705448e+04	1.058603e+04	2.959395e+02	-5.025298e+00	2.820291e-01	1.826639e-05	0.000000e+00	0.000000e+00	0.000000e+00	0.000000e+00	
1.006240e-02	-7.536359e-02	1.244908e-01	5.214196e+00	-1.109417e+01	2.703186e+04	1.057133e+04	2.958167e+02	-5.165730e+00	2.855856e-01	1.826055e-05	0.000000e+00	0.000000e+00	0.000000e+00	0.000000e+00	
1.251909e-02	-8.032167e-02	1.243694e-01	5.742304e+00	-1.098942e+01	2.700937e+04	1.055651e+04	2.956904e+02	-5.307295e+00	2.892108e-01	1.825453e-05	0.000000e+00	0.000000e+00	0.000000e+00	0.000000e+00	
1.529738e-02	-8.537750e-02	1.242447e-01	6.278660e+00	-1.084775e+01	2.698604e+04	1.054154e+04	2.955673e+02	-5.450393e+00	2.927026e-01	1.824866e-05	0.000000e+00	0.000000e+00	0.000000e+00	0.000000e+00	
1.843145e-02	-9.053064e-02	1.241301e-01	6.816129e+00	-1.065556e+01	2.696439e+04	1.052796e+04	2.954591e+02	-5.580080e+00	2.957236e-01	1.824350e-05	0.000000e+00	0.000000e+00	0.000000e+00	0.000000e+00	
2.196161e-02	-9.578869e-02	1.240390e-01	7.334038e+00	-1.041569e+01	2.694706e+04	1.051717e+04	2.953731e+02	-5.683157e+00	2.980798e-01	1.823940e-05	0.000000e+00	0.000000e+00	0.000000e+00	0.000000e+00	
2.590787e-02	-1.011413e-01	1.239727e-01	7.828016e+00	-1.014959e+01	2.693475e+04	1.050885e+04	2.952974e+02	-5.762635e+00	3.001259e-01	1.823579e-05	0.000000e+00	0.000000e+00	0.000000e+00	0.000000e+00	
3.032086e-02	-1.066203e-01	1.239071e-01	8.307480e+00	-9.861627e+00	2.692257e+04	1.050066e+04	2.952233e+02	-5.840943e+00	3.021212e-01	1.823226e-05	0.000000e+00	0.000000e+00	0.000000e+00	0.000000e+00	
3.519676e-02	-1.121611e-01	1.238386e-01	8.778966e+00	-9.536595e+00	2.690952e+04	1.049246e+04	2.951560e+02	-5.919271e+00	3.039106e-01	1.822905e-05	0.000000e+00	0.000000e+00	0.000000e+00	0.000000e+00	
4.055945e-02	-1.177349e-01	1.237877e-01	9.230924e+00	-9.170575e+00	2.689974e+04	1.048635e+04	2.951053e+02	-5.977671e+00	3.052289e-01	1.822663e-05	0.000000e+00	0.000000e+00	0.000000e+00	0.000000e+00	
4.640551e-02	-1.232897e-01	1.237574e-01	9.653498e+00	-8.768719e+00	2.689377e+04	1.048265e+04	2.950734e+02	-6.013029e+00	3.060146e-01	1.822511e-05	0.000000e+00	0.000000e+00	0.000000e+00	0.000000e+00	
5.272092e-02	-1.287749e-01	1.237479e-01	1.003781e+01	-8.334605e+00	2.689154e+04	1.048150e+04	2.950639e+02	-6.023945e+00	3.061716e-01	1.822466e-05	0.000000e+00	0.000000e+00	0.000000e+00	0.000000e+00	
5.950360e-02	-1.341579e-01	1.237630e-01	1.037897e+01	-7.874197e+00	2.689386e+04	1.048327e+04	2.950776e+02	-6.007104e+00	3.056797e-01	1.822531e-05	0.000000e+00	0.000000e+00	0.000000e+00	0.000000e+00	
4.060150e-04	-4.302351e-02	1.252121e-01	1.268202e+00	-1.138740e+01	2.716929e+04	1.065802e+04	2.965245e+02	-4.337451e+00	2.650791e-01	1.829424e-05	0.000000e+00	0.000000e+00	0.000000e+00	0.000000e+00	
6.675311e-02	-1.394130e-01	1.238019e-01	1.067133e+01	-7.396361e+00	2.690055e+04	1.048788e+04	2.951145e+02	-5.963065e+00	3.045342e-01	1.822707e-05	0.000000e+00	0.000000e+00	0.000000e+00	0.000000e+00	
9.978687e-01	-1.936727e-03	1.288762e-01	4.003986e+00	1.796409e+00	2.779178e+04	1.108682e+04	2.996850e+02	-2.405968e-01	9.812120e-02	1.844425e-05	0.000000e+00	0.000000e+00	0.000000e+00	0.000000e+00	
9.999629e-01	-1.365582e-05	1.790503e-01	8.314190e+00	-2.510419e+01	3.910744e+04	1.486180e+04	2.891524e+02	3.582624e+01	4.332702e-01	1.794130e-05	0.000000e+00	0.000000e+00	0.000000e+00	0.000000e+00	
3.518009e-05	-3.841679e-02	1.249316e-01	4.428128e-01	-1.151441e+01	2.711139e+04	1.063200e+04	2.964647e+02	-4.586111e+00	2.672114e-01	1.829140e-05	0.000000e+00	0.000000e+00	0.000000e+00	0.000000e+00	
7.446654e-02	-1.445223e-01	1.238656e-01	1.091401e+01	-6.916498e+00	2.691199e+04	1.049522e+04	2.951695e+02	-5.892852e+00	3.028745e-01	1.822970e-05	0.000000e+00	0.000000e+00	0.000000e+00	0.000000e+00	
9.962132e-01	-2.660206e-03	1.287706e-01	3.535429e+00	1.560278e+00	2.776687e+04	1.108355e+04	2.998421e+02	-2.718428e-01	8.645142e-02	1.845169e-05	0.000000e+00	0.000000e+00	0.000000e+00	0.000000e+00	
9.987533e-01	-4.586917e-04	1.268808e-01	3.649617e+00	1.804053e+00	2.741840e+04	1.094123e+04	3.004006e+02	-1.631615e+00	9.234699e-02	1.847811e-05	0.000000e+00	0.000000e+00	0.000000e+00	0.000000e+00	
6.353361e-05	-3.460102e-02	1.250984e-01	-8.912862e-01	-1.146337e+01	2.714732e+04	1.064757e+04	2.965031e+02	-4.437326e+00	2.662599e-01	1.829323e-05	0.000000e+00	0.000000e+00	0.000000e+00	0.000000e+00	
8.264737e-02	-1.494793e-01	1.239419e-01	1.111341e+01	-6.440974e+00	2.692579e+04	1.050407e+04	2.952363e+02	-5.808320e+00	3.008721e-01	1.823288e-05	0.000000e+00	0.000000e+00	0.000000e+00	0.000000e+00	
9.940823e-01	-3.581745e-03	1.288898e-01	3.426852e+00	1.470760e+00	2.779378e+04	1.109593e+04	2.998995e+02	-1.535657e-01	8.333990e-02	1.845441e-05	0.000000e+00	0.000000e+00	0.000000e+00	0.000000e+00	
9.970564e-01	-1.079257e-03	1.305373e-01	2.465055e+00	9.059238e-01	2.819672e+04	1.126812e+04	3.007096e+02	1.491553e+00	5.787341e-02	1.849272e-05	0.000000e+00	0.000000e+00	0.000000e+00	0.000000e+00	
6.108891e-04	-3.058450e-02	1.256110e-01	-2.223972e+00	-1.082155e+01	2.724667e+04	1.070433e+04	2.968673e+02	-3.894981e+00	2.546330e-01	1.831055e-05	0.000000e+00	0.000000e+00	0.000000e+00	0.000000e+00	
1.772811e-03	-2.619559e-02	1.262096e-01	-3.278197e+00	-9.752704e+00	2.735781e+04	1.077537e+04	2.974199e+02	-3.216320e+00	2.357998e-01	1.833682e-05	0.000000e+00	0.000000e+00	0.000000e+00	0.000000e+00	
9.127835e-02	-1.542600e-01	1.240249e-01	1.127562e+01	-5.971003e+00	2.694075e+04	1.051378e+04	2.953115e+02	-5.715542e+00	2.986202e-01	1.823646e-05	0.000000e+00	0.000000e+00	0.000000e+00	0.000000e+00	
1.003586e-01	-1.588531e-01	1.241171e-01	1.140318e+01	-5.511341e+00	2.695746e+04	1.052451e+04	2.953933e+02	-5.613072e+00	2.961634e-01	1.824037e-05	0.000000e+00	0.000000e+00	0.000000e+00	0.000000e+00	
9.914854e-01	-4.684459e-03	1.289177e-01	3.427748e+00	1.435859e+00	2.780213e+04	1.109943e+04	2.999289e+02	-1.201921e-01	8.303177e-02	1.845580e-05	0.000000e+00	0.000000e+00	0.000000e+00	0.000000e+00	
9.948726e-01	-1.862573e-03	1.293645e-01	3.206469e+00	1.444672e+00	2.794901e+04	1.116048e+04	3.005371e+02	4.631401e-01	7.822505e-02	1.848457e-05	0.000000e+00	0.000000e+00	0.000000e+00	0.000000e+00	
9.884322e-01	-5.946821e-03	1.289400e-01	3.489565e+00	1.415677e+00	2.780980e+04	1.110192e+04	2.999444e+02	-9.635445e-02	8.412007e-02	1.845653e-05	0.000000e+00	0.000000e+00	0.000000e+00	0.000000e+00	
9.849038e-01	-7.357345e-03	1.289513e-01	3.568875e+00	1.396975e+00	2.781506e+04	1.110324e+04	2.999539e+02	-8.372079e-02	8.560233e-02	1.845698e-05	0.000000e+00	0.000000e+00	0.000000e+00	0.000000e+00	
9.809289e-01	-8.889545e-03	1.289607e-01	3.644000e+00	1.378201e+00	2.781960e+04	1.110430e+04	2.999607e+02	-7.363605e-02	8.701049e-02	1.845730e-05	0.000000e+00	0.000000e+00	0.000000e+00	0.000000e+00	
3.645682e-03	-2.153991e-02	1.268818e-01	-4.072120e+00	-8.438572e+00	2.748286e+04	1.085476e+04	2.980241e+02	-2.457799e+00	2.133796e-01	1.836552e-05	0.000000e+00	0.000000e+00	0.000000e+00	0.000000e+00	
1.098763e-01	-1.632436e-01	1.242114e-01	1.150345e+01	-5.060128e+00	2.697458e+04	1.053553e+04	2.954781e+02	-5.507753e+00	2.936061e-01	1.824441e-05	0.000000e+00	0.000000e+00	0.000000e+00	0.000000e+00	
9.922119e-01	-2.780155e-03	1.296667e-01	3.248191e+00	1.048104e+00	2.801351e+04	1.118744e+04	3.005608e+02	7.206647e-01	7.573657e-02	1.848569e-05	0.000000e+00	0.000000e+00	0.000000e+00	0.000000e+00	
9.764884e-01	-1.054617e-02	1.289697e-01	3.705239e+00	1.364176e+00	2.782366e+04	1.110529e+04	2.999663e+02	-6.419722e-02	8.817533e-02	1.845757e-05	0.000000e+00	0.000000e+00	0.000000e+00	0.000000e+00	
9.716110e-01	-1.232617e-02	1.289779e-01	3.750697e+00	1.362011e+00	2.782716e+04	1.110617e+04	2.999713e+02	-5.573507e-02	8.910578e-02	1.845780e-05	0.000000e+00	0.000000e+00	0.000000e+00	0.000000e+00	
6.317071e-03	-1.677522e-02	1.275071e-01	-4.592403e+00	-6.972606e+00	2.759807e+04	1.092989e+04	2.986150e+02	-1.739990e+00	1.890168e-01	1.839356e-05	0.000000e+00	0.000000e+00	0.000000e+00	0.000000e+00	
1.198146e-01	-1.674066e-01	1.243082e-01	1.157845e+01	-4.612479e+00	2.699207e+04	1.054691e+04	2.955669e+02	-5.399040e+00	2.909101e-01	1.824864e-05	0.000000e+00	0.000000e+00	0.000000e+00	0.000000e+00	
1.301865e-01	-1.713290e-01	1.244131e-01	1.162329e+01	-4.166850e+00	2.701101e+04	1.055931e+04	2.956650e+02	-5.280554e+00	2.879175e-01	1.825332e-05	0.000000e+00	0.000000e+00	0.000000e+00	0.000000e+00	
9.662775e-01	-1.425908e-02	1.289832e-01	3.785937e+00	1.376357e+00	2.782980e+04	1.110676e+04	2.999747e+02	-5.013995e-02	8.995057e-02	1.845797e-05	0.000000e+00	0.000000e+00	0.000000e+00	0.000000e+00	
1.409639e-01	-1.749841e-01	1.245286e-01	1.163864e+01	-3.728549e+00	2.703198e+04	1.057291e+04	2.957711e+02	-5.150627e+00	2.846566e-01	1.825837e-05	0.000000e+00	0.000000e+00	0.000000e+00	0.000000e+00	
1.521370e-01	-1.783557e-01	1.246521e-01	1.161991e+01	-3.297831e+00	2.705427e+04	1.058762e+04	2.958891e+02	-5.010088e+00	2.810034e-01	1.826399e-05	0.000000e+00	0.000000e+00	0.000000e+00	0.000000e+00	
1.637051e-01	-1.814338e-01	1.247883e-01	1.157181e+01	-2.883590e+00	2.707906e+04	1.060368e+04	2.960146e+02	-4.856632e+00	2.770791e-01	1.826997e-05	0.000000e+00	0.000000e+00	0.000000e+00	0.000000e+00	
1.756580e-01	-1.842118e-01	1.249295e-01	1.149391e+01	-2.488657e+00	2.710465e+04	1.062045e+04	2.961476e+02	-4.696417e+00	2.728654e-01	1.827631e-05	0.000000e+00	0.000000e+00	0.000000e+00	0.000000e+00	
9.605069e-01	-1.636687e-02	1.289839e-01	3.819706e+00	1.407478e+00	2.783132e+04	1.110683e+04	2.999752e+02	-4.941777e-02	9.089698e-02	1.845799e-05	0.000000e+00	0.000000e+00	0.000000e+00	0.000000e+00	
1.879741e-01	-1.866850e-01	1.250763e-01	1.139505e+01	-2.119537e+00	2.713142e+04	1.063775e+04	2.962821e+02	-4.531103e+00	2.685503e-01	1.828271e-05	0.000000e+00	0.000000e+00	0.000000e+00	0.000000e+00	
2.006410e-01	-1.888550e-01	1.252204e-01	1.127909e+01	-1.775571e+00	2.715764e+04	1.065483e+04	2.964160e+02	-4.367963e+00	2.641891e-01	1.828908e-05	0.000000e+00	0.000000e+00	0.000000e+00	0.000000e+00	
2.136354e-01	-1.907223e-01	1.253614e-01	1.115430e+01	-1.454238e+00	2.718334e+04	1.067147e+04	2.965450e+02	-4.208999e+00	2.599228e-01	1.829522e-05	0.000000e+00	0.000000e+00	0.000000e+00	0.000000e+00	
2.269565e-01	-1.922822e-01	1.254948e-01	1.101831e+01	-1.147591e+00	2.720747e+04	1.068741e+04	2.966723e+02	-4.056683e+00	2.556494e-01	1.830128e-05	0.000000e+00	0.000000e+00	0.000000e+00	0.000000e+00	
2.405831e-01	-1.935265e-01	1.256292e-01	1.087281e+01	-8.568478e-01	2.723188e+04	1.070338e+04	2.967979e+02	-3.904074e+00	2.513716e-01	1.830725e-05	0.000000e+00	0.000000e+00	0.000000e+00	0.000000e+00	
2.545034e-01	-1.944495e-01	1.257606e-01	1.071543e+01	-5.802728e-01	2.725564e+04	1.071912e+04	2.969236e+02	-3.753732e+00	2.470186e-01	1.831323e-05	0.000000e+00	0.000000e+00	0.000000e+00	0.000000e+00	
2.687049e-01	-1.950469e-01	1.258935e-01	1.054948e+01	-3.201399e-01	2.727975e+04	1.073494e+04	2.970480e+02	-3.602611e+00	2.426418e-01	1.831915e-05	0.000000e+00	0.000000e+00	0.000000e+00	0.000000e+00	
2.831543e-01	-1.953156e-01	1.260234e-01	1.037310e+01	-7.498335e-02	2.730324e+04	1.075052e+04	2.971725e+02	-3.453669e+00	2.381856e-01	1.832507e-05	0.000000e+00	0.000000e+00	0.000000e+00	0.000000e+00	
2.978479e-01	-1.952551e-01	1.261546e-01	1.018869e+01	1.535201e-01	2.732701e+04	1.076619e+04	2.972963e+02	-3.303967e+00	2.336797e-01	1.833095e-05	0.000000e+00	0.000000e+00	0.000000e+00	0.000000e+00	
3.127718e-01	-1.948660e-01	1.262837e-01	9.995370e+00	3.650027e-01	2.735035e+04	1.078170e+04	2.974202e+02	-3.155782e+00	2.290904e-01	1.833683e-05	0.000000e+00	0.000000e+00	0.000000e+00	0.000000e+00	
3.278929e-01	-1.941557e-01	1.264133e-01	9.797256e+00	5.567162e-01	2.737386e+04	1.079719e+04	2.975421e+02	-3.007808e+00	2.244857e-01	1.834263e-05	0.000000e+00	0.000000e+00	0.000000e+00	0.000000e+00	
3.431989e-01	-1.931346e-01	1.265389e-01	9.596001e+00	7.293271e-01	2.739660e+04	1.081226e+04	2.976615e+02	-2.863846e+00	2.198906e-01	1.834830e-05	0.000000e+00	0.000000e+00	0.000000e+00	0.000000e+00	
3.586875e-01	-1.918135e-01	1.266617e-01	9.394528e+00	8.830069e-01	2.741887e+04	1.082696e+04	2.977772e+02	-2.723424e+00	2.153501e-01	1.835380e-05	0.000000e+00	0.000000e+00	0.000000e+00	0.000000e+00	
3.743255e-01	-1.902074e-01	1.267790e-01	9.195355e+00	1.018975e+00	2.744012e+04	1.084102e+04	2.978882e+02	-2.589038e+00	2.109094e-01	1.835906e-05	0.000000e+00	0.000000e+00	0.000000e+00	0.000000e+00	
3.900895e-01	-1.883329e-01	1.268909e-01	9.000672e+00	1.138095e+00	2.746041e+04	1.085444e+04	2.979937e+02	-2.460884e+00	2.066029e-01	1.836408e-05	0.000000e+00	0.000000e+00	0.000000e+00	0.000000e+00	
9.542990e-01	-1.867569e-02	1.289788e-01	3.860380e+00	1.451396e+00	2.783159e+04	1.110626e+04	2.999714e+02	-5.490512e-02	9.209443e-02	1.845781e-05	0.000000e+00	0.000000e+00	0.000000e+00	0.000000e+00	
9.476630e-01	-2.119782e-02	1.289679e-01	3.913649e+00	1.501682e+00	2.783061e+04	1.110499e+04	2.999626e+02	-6.699963e-02	9.361446e-02	1.845739e-05	0.000000e+00	0.000000e+00	0.000000e+00	0.000000e+00	
4.059766e-01	-1.862052e-01	1.269960e-01	8.813623e+00	1.243492e+00	2.747949e+04	1.086703e+04	2.980925e+02	-2.340599e+00	2.024977e-01	1.836876e-05	0.000000e+00	0.000000e+00	0.000000e+00	0.000000e+00	
4.219629e-01	-1.838360e-01	1.270931e-01	8.633424e+00	1.340735e+00	2.749708e+04	1.087871e+04	2.981849e+02	-2.228974e+00	1.985839e-01	1.837315e-05	0.000000e+00	0.000000e+00	0.000000e+00	0.000000e+00	
9.406073e-01	-2.393088e-02	1.289522e-01	3.981129e+00	1.551266e+00	2.782866e+04	1.110315e+04	2.999493e+02	-8.460994e-02	9.543311e-02	1.845676e-05	0.000000e+00	0.000000e+00	0.000000e+00	0.000000e+00	
4.380248e-01	-1.812284e-01	1.271846e-01	8.458013e+00	1.432903e+00	2.751363e+04	1.088973e+04	2.982723e+02	-2.123695e+00	1.948153e-01	1.837730e-05	0.000000e+00	0.000000e+00	0.000000e+00	0.000000e+00	
4.541381e-01	-1.783854e-01	1.272726e-01	8.284608e+00	1.519997e+00	2.752956e+04	1.090034e+04	2.983564e+02	-2.022327e+00	1.911216e-01	1.838129e-05	0.000000e+00	0.000000e+00	0.000000e+00	0.000000e+00	
9.331391e-01	-2.685889e-02	1.289333e-01	4.060487e+00	1.594985e+00	2.782606e+04	1.110090e+04	2.999324e+02	-1.061145e-01	9.745657e-02	1.845596e-05	0.000000e+00	0.000000e+00	0.000000e+00	0.000000e+00	
9.252459e-01	-2.996708e-02	1.289126e-01	4.147235e+00	1.630559e+00	2.782304e+04	1.109841e+04	2.999132e+02	-1.299410e-01	9.957007e-02	1.845506e-05	0.000000e+00	0.000000e+00	0.000000e+00	0.000000e+00	
4.702995e-01	-1.753070e-01	1.273582e-01	8.111804e+00	1.601940e+00	2.754504e+04	1.091066e+04	2.984382e+02	-1.923754e+00	1.874659e-01	1.838517e-05	0.000000e+00	0.000000e+00	0.000000e+00	0.000000e+00	
4.864747e-01	-1.719993e-01	1.274417e-01	7.938045e+00	1.678909e+00	2.756015e+04	1.092075e+04	2.985185e+02	-1.827312e+00	1.838105e-01	1.838898e-05	0.000000e+00	0.000000e+00	0.000000e+00	0.000000e+00	
5.026498e-01	-1.684654e-01	1.275242e-01	7.762281e+00	1.749644e+00	2.757507e+04	1.093073e+04	2.985980e+02	-1.731940e+00	1.801216e-01	1.839275e-05	0.000000e+00	0.000000e+00	0.000000e+00	0.000000e+00	
5.188115e-01	-1.647127e-01	1.276068e-01	7.585058e+00	1.810476e+00	2.759003e+04	1.094070e+04	2.986769e+02	-1.636672e+00	1.763873e-01	1.839649e-05	0.000000e+00	0.000000e+00	0.000000e+00	0.000000e+00	
9.169520e-01	-3.322531e-02	1.288910e-01	4.236872e+00	1.657756e+00	2.781980e+04	1.109580e+04	2.998930e+02	-1.548330e-01	1.016769e-01	1.845410e-05	0.000000e+00	0.000000e+00	0.000000e+00	0.000000e+00	
9.082432e-01	-3.662178e-02	1.288692e-01	4.326160e+00	1.677774e+00	2.781645e+04	1.109316e+04	2.998725e+02	-1.800354e-01	1.037198e-01	1.845313e-05	0.000000e+00	0.000000e+00	0.000000e+00	0.000000e+00	
8.991326e-01	-4.013773e-02	1.288485e-01	4.412370e+00	1.692145e+00	2.781325e+04	1.109063e+04	2.998523e+02	-2.042049e-01	1.056539e-01	1.845217e-05	0.000000e+00	0.000000e+00	0.000000e+00	0.000000e+00	
8.896241e-01	-4.376371e-02	1.288285e-01	4.493697e+00	1.704309e+00	2.781012e+04	1.108819e+04	2.998327e+02	-2.275472e-01	1.074699e-01	1.845125e-05	0.000000e+00	0.000000e+00	0.000000e+00	0.000000e+00	
5.349280e-01	-1.607646e-01	1.276887e-01	7.409384e+00	1.859515e+00	2.760491e+04	1.095056e+04	2.987542e+02	-1.542493e+00	1.726582e-01	1.840016e-05	0.000000e+00	0.000000e+00	0.000000e+00	0.000000e+00	
5.509981e-01	-1.566395e-01	1.277677e-01	7.237600e+00	1.897538e+00	2.761926e+04	1.096007e+04	2.988289e+02	-1.451629e+00	1.689853e-01	1.840370e-05	0.000000e+00	0.000000e+00	0.000000e+00	0.000000e+00	
8.797148e-01	-4.750335e-02	1.288081e-01	4.570576e+00	1.717488e+00	2.780684e+04	1.108572e+04	2.998134e+02	-2.511695e-01	1.092031e-01	1.845033e-05	0.000000e+00	0.000000e+00	0.000000e+00	0.000000e+00	
8.694220e-01	-5.135514e-02	1.287871e-01	4.645345e+00	1.732470e+00	2.780338e+04	1.108318e+04	2.997936e+02	-2.754308e-01	1.109085e-01	1.844940e-05	0.000000e+00	0.000000e+00	0.000000e+00	0.000000e+00	
8.587630e-01	-5.531690e-02	1.287650e-01	4.719902e+00	1.749445e+00	2.779968e+04	1.108052e+04	2.997729e+02	-3.008803e-01	1.126273e-01	1.844842e-05	0.000000e+00	0.000000e+00	0.000000e+00	0.000000e+00	
5.669903e-01	-1.523637e-01	1.278432e-01	7.070922e+00	1.925794e+00	2.763299e+04	1.096918e+04	2.989005e+02	-1.364620e+00	1.653956e-01	1.840709e-05	0.000000e+00	0.000000e+00	0.000000e+00	0.000000e+00	
5.829036e-01	-1.479554e-01	1.279150e-01	6.910754e+00	1.945466e+00	2.764606e+04	1.097783e+04	2.989685e+02	-1.281930e+00	1.619210e-01	1.841031e-05	0.000000e+00	0.000000e+00	0.000000e+00	0.000000e+00	
5.987068e-01	-1.434415e-01	1.279829e-01	6.758526e+00	1.957738e+00	2.765843e+04	1.098600e+04	2.990323e+02	-1.203878e+00	1.585946e-01	1.841334e-05	0.000000e+00	0.000000e+00	0.000000e+00	0.000000e+00	
6.143888e-01	-1.388415e-01	1.280461e-01	6.613959e+00	1.965340e+00	2.766994e+04	1.099362e+04	2.990920e+02	-1.131119e+00	1.554240e-01	1.841617e-05	0.000000e+00	0.000000e+00	0.000000e+00	0.000000e+00	
6.299284e-01	-1.341705e-01	1.281048e-01	6.475973e+00	1.970459e+00	2.768064e+04	1.100072e+04	2.991479e+02	-1.063281e+00	1.523964e-01	1.841882e-05	0.000000e+00	0.000000e+00	0.000000e+00	0.000000e+00	
6.453142e-01	-1.294381e-01	1.281604e-01	6.342682e+00	1.973477e+00	2.769075e+04	1.100744e+04	2.992010e+02	-9.990290e-01	1.494702e-01	1.842133e-05	0.000000e+00	0.000000e+00	0.000000e+00	0.000000e+00	
6.605349e-01	-1.246540e-01	1.282133e-01	6.213995e+00	1.974456e+00	2.770041e+04	1.101385e+04	2.992514e+02	-9.378295e-01	1.466414e-01	1.842372e-05	0.000000e+00	0.000000e+00	0.000000e+00	0.000000e+00	
6.755695e-01	-1.198310e-01	1.282639e-01	6.088792e+00	1.973329e+00	2.770962e+04	1.101997e+04	2.992996e+02	-8.793566e-01	1.438841e-01	1.842600e-05	0.000000e+00	0.000000e+00	0.000000e+00	0.000000e+00	
8.477169e-01	-5.939919e-02	1.287416e-01	4.795375e+00	1.767909e+00	2.779567e+04	1.107769e+04	2.997511e+02	-3.278932e-01	1.143794e-01	1.844738e-05	0.000000e+00	0.000000e+00	0.000000e+00	0.000000e+00	
6.903975e-01	-1.149820e-01	1.283123e-01	5.967162e+00	1.970307e+00	2.771844e+04	1.102582e+04	2.993457e+02	-8.234211e-01	1.412001e-01	1.842818e-05	0.000000e+00	0.000000e+00	0.000000e+00	0.000000e+00	
7.050083e-01	-1.101168e-01	1.283590e-01	5.848113e+00	1.964748e+00	2.772692e+04	1.103146e+04	2.993900e+02	-7.695240e-01	1.385621e-01	1.843029e-05	0.000000e+00	0.000000e+00	0.000000e+00	0.000000e+00	
8.363209e-01	-6.358945e-02	1.287166e-01	4.873128e+00	1.787776e+00	2.779135e+04	1.107468e+04	2.997276e+02	-3.566685e-01	1.161931e-01	1.844627e-05	0.000000e+00	0.000000e+00	0.000000e+00	0.000000e+00	
8.245836e-01	-6.788445e-02	1.286903e-01	4.952992e+00	1.808539e+00	2.778673e+04	1.107148e+04	2.997026e+02	-3.871592e-01	1.180608e-01	1.844509e-05	0.000000e+00	0.000000e+00	0.000000e+00	0.000000e+00	
8.124942e-01	-7.228708e-02	1.286619e-01	5.035760e+00	1.830112e+00	2.778171e+04	1.106806e+04	2.996760e+02	-4.198873e-01	1.199992e-01	1.844383e-05	0.000000e+00	0.000000e+00	0.000000e+00	0.000000e+00	
8.000812e-01	-7.678536e-02	1.286315e-01	5.122032e+00	1.852223e+00	2.777629e+04	1.106439e+04	2.996474e+02	-4.549424e-01	1.220191e-01	1.844247e-05	0.000000e+00	0.000000e+00	0.000000e+00	0.000000e+00	
7.193922e-01	-1.052466e-01	1.284037e-01	5.732220e+00	1.956511e+00	2.773507e+04	1.103688e+04	2.994327e+02	-7.177345e-01	1.359802e-01	1.843231e-05	0.000000e+00	0.000000e+00	0.000000e+00	0.000000e+00	
7.335207e-01	-1.003919e-01	1.284471e-01	5.620288e+00	1.944648e+00	2.774298e+04	1.104212e+04	2.994735e+02	-6.677300e-01	1.334630e-01	1.843424e-05	0.000000e+00	0.000000e+00	0.000000e+00	0.000000e+00	
7.473954e-01	-9.556257e-02	1.284879e-01	5.511875e+00	1.930308e+00	2.775038e+04	1.104706e+04	2.995125e+02	-6.204953e-01	1.310094e-01	1.843609e-05	0.000000e+00	0.000000e+00	0.000000e+00	0.000000e+00	
7.610077e-01	-9.077147e-02	1.285272e-01	5.408080e+00	1.913427e+00	2.775752e+04	1.105180e+04	2.995492e+02	-5.752390e-01	1.286400e-01	1.843782e-05	0.000000e+00	0.000000e+00	0.000000e+00	0.000000e+00	
7.873537e-01	-8.137329e-02	1.285988e-01	5.212586e+00	1.874041e+00	2.777041e+04	1.106044e+04	2.996168e+02	-4.926538e-01	1.241312e-01	1.844102e-05	0.000000e+00	0.000000e+00	0.000000e+00	0.000000e+00	
7.743298e-01	-8.603782e-02	1.285639e-01	5.308117e+00	1.894529e+00	2.776413e+04	1.105624e+04	2.995840e+02	-5.328428e-01	1.263425e-01	1.843947e-05	0.000000e+00	0.000000e+00	0.000000e+00	0.000000e+00	
9.890844e-01	-3.792769e-03	1.296047e-01	3.338250e+00	1.042897e+00	2.800080e+04	1.118144e+04	3.005436e+02	6.634049e-01	7.764569e-02	1.848487e-05	0.000000e+00	0.000000e+00	0.000000e+00	0.000000e+00	
9.835138e-03	-1.215191e-02	1.281205e-01	-4.842028e+00	-5.390752e+00	2.771190e+04	1.100280e+04	2.991678e+02	-1.043419e+00	1.631088e-01	1.841976e-05	0.000000e+00	0.000000e+00	0.000000e+00	0.000000e+00	
9.854708e-01	-4.866627e-03	1.296078e-01	3.368912e+00	9.465797e-01	2.800126e+04	1.118161e+04	3.005408e+02	6.649636e-01	7.768873e-02	1.848474e-05	0.000000e+00	0.000000e+00	0.000000e+00	0.000000e+00	
1.424138e-02	-7.961548e-03	1.287318e-01	-4.712135e+00	-3.766482e+00	2.782664e+04	1.107412e+04	2.996773e+02	-3.619822e-01	1.350309e-01	1.844389e-05	0.000000e+00	0.000000e+00	0.000000e+00	0.000000e+00	
9.814000e-01	-5.962922e-03	1.295802e-01	3.437562e+00	8.843185e-01	2.799538e+04	1.117871e+04	3.005269e+02	6.372473e-01	7.882000e-02	1.848408e-05	0.000000e+00	0.000000e+00	0.000000e+00	0.000000e+00	
1.948044e-02	-4.443736e-03	1.292253e-01	-4.128439e+00	-2.371767e+00	2.791872e+04	1.113240e+04	3.001040e+02	1.948740e-01	1.060930e-01	1.846408e-05	0.000000e+00	0.000000e+00	0.000000e+00	0.000000e+00	
9.768522e-01	-7.081566e-03	1.295594e-01	3.522751e+00	8.420186e-01	2.799122e+04	1.117623e+04	3.005085e+02	6.136425e-01	8.044523e-02	1.848321e-05	0.000000e+00	0.000000e+00	0.000000e+00	0.000000e+00	
2.546083e-02	-1.522392e-03	1.295161e-01	-3.282595e+00	-1.412404e+00	2.797125e+04	1.116878e+04	3.004086e+02	5.424130e-01	7.940943e-02	1.847849e-05	0.000000e+00	0.000000e+00	0.000000e+00	0.000000e+00	
3.203755e-02	9.259778e-04	1.297017e-01	-2.436003e+00	-7.956998e-01	2.800508e+04	1.119190e+04	3.005999e+02	7.633482e-01	5.684640e-02	1.848753e-05	0.000000e+00	0.000000e+00	0.000000e+00	0.000000e+00	
9.718555e-01	-8.243127e-03	1.295327e-01	3.612880e+00	8.387561e-01	2.798592e+04	1.117313e+04	3.004870e+02	5.839551e-01	8.239701e-02	1.848219e-05	0.000000e+00	0.000000e+00	0.000000e+00	0.000000e+00	
3.916171e-02	2.905629e-03	1.298181e-01	-1.668865e+00	-3.984119e-01	2.802674e+04	1.120616e+04	3.007129e+02	8.995675e-01	3.801871e-02	1.849288e-05	0.000000e+00	0.000000e+00	0.000000e+00	0.000000e+00	
9.663888e-01	-9.509051e-03	1.295114e-01	3.686924e+00	8.749641e-01	2.798176e+04	1.117053e+04	3.004665e+02	5.591294e-01	8.419895e-02	1.848123e-05	0.000000e+00	0.000000e+00	0.000000e+00	0.000000e+00	
9.604691e-01	-1.094351e-02	1.294990e-01	3.728222e+00	9.389317e-01	2.797931e+04	1.116889e+04	3.004514e+02	5.435106e-01	8.543838e-02	1.848051e-05	0.000000e+00	0.000000e+00	0.000000e+00	0.000000e+00	
4.680418e-02	4.409086e-03	1.298774e-01	-9.908329e-01	-1.623947e-01	2.803788e+04	1.121360e+04	3.007751e+02	9.706339e-01	2.223583e-02	1.849582e-05	0.000000e+00	0.000000e+00	0.000000e+00	0.000000e+00	
5.490741e-02	5.448711e-03	1.299031e-01	-4.071510e-01	-4.112464e-02	2.804293e+04	1.121691e+04	3.008044e+02	1.002295e+00	9.060438e-03	1.849720e-05	0.000000e+00	0.000000e+00	0.000000e+00	0.000000e+00	
9.540933e-01	-1.260358e-02	1.294980e-01	3.728771e+00	1.008491e+00	2.797904e+04	1.116857e+04	3.004449e+02	5.404129e-01	8.584234e-02	1.848020e-05	0.000000e+00	0.000000e+00	0.000000e+00	0.000000e+00	
6.343257e-02	6.045576e-03	1.299086e-01	8.596494e-02	3.651416e-03	2.804430e+04	1.121771e+04	3.008130e+02	1.009883e+00	1.904924e-03	1.849761e-05	0.000000e+00	0.000000e+00	0.000000e+00	0.000000e+00	
9.472667e-01	-1.451301e-02	1.295062e-01	3.692302e+00	1.062736e+00	2.798040e+04	1.116936e+04	3.004473e+02	5.479895e-01	8.538009e-02	1.848032e-05	0.000000e+00	0.000000e+00	0.000000e+00	0.000000e+00	
9.399951e-01	-1.666133e-02	1.295200e-01	3.631184e+00	1.090523e+00	2.798276e+04	1.117091e+04	3.004568e+02	5.627581e-01	8.424096e-02	1.848077e-05	0.000000e+00	0.000000e+00	0.000000e+00	0.000000e+00	
7.237286e-02	6.229872e-03	1.299018e-01	4.977134e-01	4.261446e-04	2.804342e+04	1.121699e+04	3.008094e+02	1.002982e+00	1.101970e-02	1.849744e-05	0.000000e+00	0.000000e+00	0.000000e+00	0.000000e+00	
9.322861e-01	-1.901341e-02	1.295364e-01	3.558972e+00	1.090843e+00	2.798553e+04	1.117282e+04	3.004702e+02	5.810093e-01	8.269536e-02	1.848140e-05	0.000000e+00	0.000000e+00	0.000000e+00	0.000000e+00	
9.241278e-01	-2.152661e-02	1.295519e-01	3.487393e+00	1.069178e+00	2.798811e+04	1.117470e+04	3.004848e+02	5.990103e-01	8.102226e-02	1.848209e-05	0.000000e+00	0.000000e+00	0.000000e+00	0.000000e+00	
8.169832e-02	6.050527e-03	1.298894e-01	8.402117e-01	-2.981097e-02	2.804154e+04	1.121553e+04	3.007990e+02	9.890662e-01	1.861663e-02	1.849695e-05	0.000000e+00	0.000000e+00	0.000000e+00	0.000000e+00	
9.140383e-02	5.538388e-03	1.298735e-01	1.125727e+00	-7.510058e-02	2.803901e+04	1.121364e+04	3.007852e+02	9.710539e-01	2.498618e-02	1.849629e-05	0.000000e+00	0.000000e+00	0.000000e+00	0.000000e+00	
1.014763e-01	4.714634e-03	1.298568e-01	1.364347e+00	-1.277301e-01	2.803630e+04	1.121163e+04	3.007700e+02	9.518080e-01	3.035212e-02	1.849557e-05	0.000000e+00	0.000000e+00	0.000000e+00	0.000000e+00	
9.155475e-01	-2.414747e-02	1.295659e-01	3.422691e+00	1.034516e+00	2.799038e+04	1.117642e+04	3.004985e+02	6.153876e-01	7.941278e-02	1.848274e-05	0.000000e+00	0.000000e+00	0.000000e+00	0.000000e+00	
9.065337e-01	-2.684589e-02	1.295777e-01	3.366993e+00	9.947360e-01	2.799227e+04	1.117788e+04	3.005106e+02	6.293862e-01	7.796590e-02	1.848331e-05	0.000000e+00	0.000000e+00	0.000000e+00	0.000000e+00	
1.118924e-01	3.603566e-03	1.298402e-01	1.564935e+00	-1.840224e-01	2.803362e+04	1.120962e+04	3.007546e+02	9.326293e-01	3.490714e-02	1.849485e-05	0.000000e+00	0.000000e+00	0.000000e+00	0.000000e+00	
1.226615e-01	2.209168e-03	1.298239e-01	1.733891e+00	-2.419789e-01	2.803095e+04	1.120766e+04	3.007397e+02	9.138766e-01	3.878928e-02	1.849414e-05	0.000000e+00	0.000000e+00	0.000000e+00	0.000000e+00	
8.971042e-01	-2.959702e-02	1.295884e-01	3.318506e+00	9.549798e-01	2.799400e+04	1.117920e+04	3.005210e+02	6.419561e-01	7.667735e-02	1.848380e-05	0.000000e+00	0.000000e+00	0.000000e+00	0.000000e+00	
8.872672e-01	-3.238934e-02	1.295980e-01	3.274976e+00	9.168407e-01	2.799554e+04	1.118037e+04	3.005302e+02	6.531282e-01	7.550950e-02	1.848424e-05	0.000000e+00	0.000000e+00	0.000000e+00	0.000000e+00	
8.770203e-01	-3.521803e-02	1.296075e-01	3.233919e+00	8.805233e-01	2.799710e+04	1.118150e+04	3.005387e+02	6.639918e-01	7.440967e-02	1.848464e-05	0.000000e+00	0.000000e+00	0.000000e+00	0.000000e+00	
8.663811e-01	-3.807345e-02	1.296165e-01	3.193828e+00	8.449291e-01	2.799857e+04	1.118259e+04	3.005469e+02	6.743221e-01	7.333908e-02	1.848503e-05	0.000000e+00	0.000000e+00	0.000000e+00	0.000000e+00	
8.553673e-01	-4.094409e-02	1.296258e-01	3.153912e+00	8.094320e-01	2.800011e+04	1.118368e+04	3.005549e+02	6.848098e-01	7.227677e-02	1.848541e-05	0.000000e+00	0.000000e+00	0.000000e+00	0.000000e+00	
1.337522e-01	5.413228e-04	1.298087e-01	1.874816e+00	-2.988654e-01	2.802847e+04	1.120584e+04	3.007258e+02	8.964571e-01	4.206973e-02	1.849349e-05	0.000000e+00	0.000000e+00	0.000000e+00	0.000000e+00	
8.439567e-01	-4.382533e-02	1.296348e-01	3.113874e+00	7.729385e-01	2.800161e+04	1.118476e+04	3.005629e+02	6.951182e-01	7.121089e-02	1.848579e-05	0.000000e+00	0.000000e+00	0.000000e+00	0.000000e+00	
8.321871e-01	-4.669396e-02	1.296437e-01	3.074225e+00	7.349287e-01	2.800310e+04	1.118583e+04	3.005709e+02	7.052829e-01	7.015041e-02	1.848616e-05	0.000000e+00	0.000000e+00	0.000000e+00	0.000000e+00	
8.200664e-01	-4.953229e-02	1.296524e-01	3.034831e+00	6.953099e-01	2.800455e+04	1.118687e+04	3.005787e+02	7.152212e-01	6.909318e-02	1.848653e-05	0.000000e+00	0.000000e+00	0.000000e+00	0.000000e+00	
8.075828e-01	-5.232565e-02	1.296605e-01	2.996963e+00	6.540384e-01	2.800590e+04	1.118785e+04	3.005862e+02	7.245819e-01	6.806805e-02	1.848689e-05	0.000000e+00	0.000000e+00	0.000000e+00	0.000000e+00	
7.947643e-01	-5.504945e-02	1.296685e-01	2.960039e+00	6.116349e-01	2.800724e+04	1.118881e+04	3.005935e+02	7.337452e-01	6.706613e-02	1.848723e-05	0.000000e+00	0.000000e+00	0.000000e+00	0.000000e+00	
7.816200e-01	-5.768456e-02	1.296757e-01	2.925047e+00	5.682712e-01	2.800844e+04	1.118968e+04	3.006003e+02	7.421153e-01	6.611130e-02	1.848755e-05	0.000000e+00	0.000000e+00	0.000000e+00	0.000000e+00	
7.681698e-01	-6.021116e-02	1.296828e-01	2.891194e+00	5.245222e-01	2.800962e+04	1.119053e+04	3.006068e+02	7.502455e-01	6.518966e-02	1.848786e-05	0.000000e+00	0.000000e+00	0.000000e+00	0.000000e+00	
7.544140e-01	-6.261378e-02	1.296892e-01	2.859516e+00	4.801776e-01	2.801068e+04	1.119131e+04	3.006128e+02	7.576516e-01	6.432424e-02	1.848815e-05	0.000000e+00	0.000000e+00	0.000000e+00	0.000000e+00	
7.403628e-01	-6.487518e-02	1.296953e-01	2.828806e+00	4.356116e-01	2.801172e+04	1.119205e+04	3.006186e+02	7.647817e-01	6.349087e-02	1.848842e-05	0.000000e+00	0.000000e+00	0.000000e+00	0.000000e+00	
7.260477e-01	-6.697551e-02	1.297010e-01	2.800418e+00	3.906934e-01	2.801266e+04	1.119274e+04	3.006238e+02	7.713131e-01	6.271985e-02	1.848866e-05	0.000000e+00	0.000000e+00	0.000000e+00	0.000000e+00	
7.114798e-01	-6.889885e-02	1.297063e-01	2.772815e+00	3.454860e-01	2.801355e+04	1.119338e+04	3.006288e+02	7.774586e-01	6.197849e-02	1.848890e-05	0.000000e+00	0.000000e+00	0.000000e+00	0.000000e+00	
6.966605e-01	-7.063070e-02	1.297111e-01	2.747614e+00	3.000802e-01	2.801436e+04	1.119397e+04	3.006333e+02	7.830438e-01	6.130359e-02	1.848911e-05	0.000000e+00	0.000000e+00	0.000000e+00	0.000000e+00	
6.816224e-01	-7.215383e-02	1.297156e-01	2.723140e+00	2.545622e-01	2.801510e+04	1.119451e+04	3.006375e+02	7.882104e-01	6.065920e-02	1.848931e-05	0.000000e+00	0.000000e+00	0.000000e+00	0.000000e+00	
6.663788e-01	-7.345538e-02	1.297196e-01	2.700997e+00	2.090993e-01	2.801578e+04	1.119500e+04	3.006412e+02	7.928815e-01	6.008177e-02	1.848949e-05	0.000000e+00	0.000000e+00	0.000000e+00	0.000000e+00	
6.509437e-01	-7.452307e-02	1.297233e-01	2.679502e+00	1.636011e-01	2.801638e+04	1.119544e+04	3.006447e+02	7.971501e-01	5.953448e-02	1.848965e-05	0.000000e+00	0.000000e+00	0.000000e+00	0.000000e+00	
1.451536e-01	-1.386976e-03	1.297952e-01	1.991557e+00	-3.522974e-01	2.802628e+04	1.120421e+04	3.007134e+02	8.809130e-01	4.482286e-02	1.849290e-05	0.000000e+00	0.000000e+00	0.000000e+00	0.000000e+00	
1.568651e-01	-3.559602e-03	1.297834e-01	2.087746e+00	-4.009862e-01	2.802438e+04	1.120279e+04	3.007026e+02	8.673203e-01	4.712020e-02	1.849239e-05	0.000000e+00	0.000000e+00	0.000000e+00	0.000000e+00	
1.688785e-01	-5.957809e-03	1.297732e-01	2.167055e+00	-4.444704e-01	2.802274e+04	1.120155e+04	3.006932e+02	8.555326e-01	4.903681e-02	1.849194e-05	0.000000e+00	0.000000e+00	0.000000e+00	0.000000e+00	
1.811783e-01	-8.559306e-03	1.297644e-01	2.232567e+00	-4.819050e-01	2.802135e+04	1.120050e+04	3.006852e+02	8.454683e-01	5.063290e-02	1.849157e-05	0.000000e+00	0.000000e+00	0.000000e+00	0.000000e+00	
1.937601e-01	-1.133916e-02	1.297573e-01	2.287222e+00	-5.125130e-01	2.802025e+04	1.119963e+04	3.006785e+02	8.371628e-01	5.196545e-02	1.849125e-05	0.000000e+00	0.000000e+00	0.000000e+00	0.000000e+00	
2.066101e-01	-1.426601e-02	1.297515e-01	2.333715e+00	-5.366788e-01	2.801938e+04	1.119891e+04	3.006727e+02	8.303210e-01	5.309214e-02	1.849098e-05	0.000000e+00	0.000000e+00	0.000000e+00	0.000000e+00	
2.197337e-01	-1.731958e-02	1.297463e-01	2.373010e+00	-5.560025e-01	2.801861e+04	1.119829e+04	3.006678e+02	8.243396e-01	5.404027e-02	1.849074e-05	0.000000e+00	0.000000e+00	0.000000e+00	0.000000e+00	
2.331147e-01	-2.048295e-02	1.297420e-01	2.405732e+00	-5.712362e-01	2.801797e+04	1.119776e+04	3.006638e+02	8.193387e-01	5.482615e-02	1.849056e-05	0.000000e+00	0.000000e+00	0.000000e+00	0.000000e+00	
6.353414e-01	-7.534468e-02	1.297266e-01	2.660226e+00	1.181177e-01	2.801694e+04	1.119584e+04	3.006478e+02	8.009755e-01	5.905263e-02	1.848980e-05	0.000000e+00	0.000000e+00	0.000000e+00	0.000000e+00	
6.195965e-01	-7.590920e-02	1.297295e-01	2.641798e+00	7.243264e-02	2.801740e+04	1.119619e+04	3.006506e+02	8.043148e-01	5.860630e-02	1.848993e-05	0.000000e+00	0.000000e+00	0.000000e+00	0.000000e+00	
6.037240e-01	-7.620698e-02	1.297320e-01	2.625706e+00	2.691612e-02	2.801781e+04	1.119649e+04	3.006529e+02	8.072060e-01	5.822914e-02	1.849004e-05	0.000000e+00	0.000000e+00	0.000000e+00	0.000000e+00	
5.877386e-01	-7.622976e-02	1.297336e-01	2.611405e+00	-1.849356e-02	2.801805e+04	1.119670e+04	3.006547e+02	8.092138e-01	5.790950e-02	1.849013e-05	0.000000e+00	0.000000e+00	0.000000e+00	0.000000e+00	
5.716652e-01	-7.597628e-02	1.297353e-01	2.599290e+00	-6.247120e-02	2.801832e+04	1.119690e+04	3.006562e+02	8.111274e-01	5.765514e-02	1.849019e-05	0.000000e+00	0.000000e+00	0.000000e+00	0.000000e+00	
5.555183e-01	-7.544952e-02	1.297363e-01	2.588660e+00	-1.055245e-01	2.801844e+04	1.119703e+04	3.006573e+02	8.123036e-01	5.744993e-02	1.849025e-05	0.000000e+00	0.000000e+00	0.000000e+00	0.000000e+00	
5.393333e-01	-7.465458e-02	1.297373e-01	2.579086e+00	-1.471206e-01	2.801859e+04	1.119715e+04	3.006581e+02	8.134722e-01	5.728237e-02	1.849029e-05	0.000000e+00	0.000000e+00	0.000000e+00	0.000000e+00	
5.231143e-01	-7.359652e-02	1.297378e-01	2.570117e+00	-1.875912e-01	2.801864e+04	1.119722e+04	3.006588e+02	8.141398e-01	5.714183e-02	1.849032e-05	0.000000e+00	0.000000e+00	0.000000e+00	0.000000e+00	
5.068965e-01	-7.228332e-02	1.297382e-01	2.561919e+00	-2.267949e-01	2.801867e+04	1.119727e+04	3.006593e+02	8.146132e-01	5.703042e-02	1.849034e-05	0.000000e+00	0.000000e+00	0.000000e+00	0.000000e+00	
4.906842e-01	-7.072178e-02	1.297384e-01	2.554334e+00	-2.647678e-01	2.801866e+04	1.119730e+04	3.006596e+02	8.148934e-01	5.694341e-02	1.849036e-05	0.000000e+00	0.000000e+00	0.000000e+00	0.000000e+00	
4.745112e-01	-6.892249e-02	1.297382e-01	2.547621e+00	-3.016195e-01	2.801859e+04	1.119729e+04	3.006597e+02	8.148168e-01	5.688568e-02	1.849036e-05	0.000000e+00	0.000000e+00	0.000000e+00	0.000000e+00	
4.583898e-01	-6.689519e-02	1.297383e-01	2.541665e+00	-3.371440e-01	2.801856e+04	1.119729e+04	3.006596e+02	8.148040e-01	5.685274e-02	1.849036e-05	0.000000e+00	0.000000e+00	0.000000e+00	0.000000e+00	
4.423322e-01	-6.465016e-02	1.297379e-01	2.536199e+00	-3.715809e-01	2.801844e+04	1.119725e+04	3.006594e+02	8.144015e-01	5.683842e-02	1.849035e-05	0.000000e+00	0.000000e+00	0.000000e+00	0.000000e+00	
4.263707e-01	-6.220146e-02	1.297378e-01	2.531230e+00	-4.046056e-01	2.801838e+04	1.119722e+04	3.006590e+02	8.141465e-01	5.684049e-02	1.849033e-05	0.000000e+00	0.000000e+00	0.000000e+00	0.000000e+00	
4.105069e-01	-5.955932e-02	1.297371e-01	2.526549e+00	-4.365137e-01	2.801821e+04	1.119715e+04	3.006585e+02	8.134674e-01	5.685448e-02	1.849031e-05	0.000000e+00	0.000000e+00	0.000000e+00	0.000000e+00	
3.947625e-01	-5.673766e-02	1.297364e-01	2.522690e+00	-4.667691e-01	2.801802e+04	1.119706e+04	3.006579e+02	8.126224e-01	5.688878e-02	1.849027e-05	0.000000e+00	0.000000e+00	0.000000e+00	0.000000e+00	
2.467472e-01	-2.374015e-02	1.297386e-01	2.432379e+00	-5.822022e-01	2.801750e+04	1.119736e+04	3.006607e+02	8.154451e-01	5.545901e-02	1.849041e-05	0.000000e+00	0.000000e+00	0.000000e+00	0.000000e+00	
2.606258e-01	-2.707348e-02	1.297361e-01	2.453867e+00	-5.888105e-01	2.801718e+04	1.119706e+04	3.006583e+02	8.125789e-01	5.595779e-02	1.849030e-05	0.000000e+00	0.000000e+00	0.000000e+00	0.000000e+00	
3.791571e-01	-5.375545e-02	1.297354e-01	2.519473e+00	-4.945510e-01	2.801777e+04	1.119694e+04	3.006571e+02	8.115065e-01	5.693461e-02	1.849024e-05	0.000000e+00	0.000000e+00	0.000000e+00	0.000000e+00	
2.747255e-01	-3.045877e-02	1.297344e-01	2.470903e+00	-5.910385e-01	2.801699e+04	1.119684e+04	3.006567e+02	8.105548e-01	5.633759e-02	1.849022e-05	0.000000e+00	0.000000e+00	0.000000e+00	0.000000e+00	
3.637073e-01	-5.063871e-02	1.297346e-01	2.516762e+00	-5.191108e-01	2.801756e+04	1.119684e+04	3.006562e+02	8.105400e-01	5.698357e-02	1.849020e-05	0.000000e+00	0.000000e+00	0.000000e+00	0.000000e+00	
2.890514e-01	-3.387741e-02	1.297334e-01	2.484309e+00	-5.888797e-01	2.801692e+04	1.119672e+04	3.006556e+02	8.093439e-01	5.661621e-02	1.849017e-05	0.000000e+00	0.000000e+00	0.000000e+00	0.000000e+00	
3.484093e-01	-4.740965e-02	1.297338e-01	2.513427e+00	-5.403185e-01	2.801734e+04	1.119675e+04	3.006555e+02	8.096241e-01	5.700854e-02	1.849016e-05	0.000000e+00	0.000000e+00	0.000000e+00	0.000000e+00	
3.332794e-01	-4.409407e-02	1.297332e-01	2.509139e+00	-5.580279e-01	2.801717e+04	1.119668e+04	3.006550e+02	8.089820e-01	5.699985e-02	1.849014e-05	0.000000e+00	0.000000e+00	0.000000e+00	0.000000e+00	
3.183439e-01	-4.071972e-02	1.297330e-01	2.503005e+00	-5.721044e-01	2.801703e+04	1.119665e+04	3.006548e+02	8.086930e-01	5.693594e-02	1.849013e-05	0.000000e+00	0.000000e+00	0.000000e+00	0.000000e+00	
3.035992e-01	-3.730691e-02	1.297330e-01	2.494879e+00	-5.824652e-01	2.801694e+04	1.119666e+04	3.006550e+02	8.087665e-01	5.681207e-02	1.849014e-05	0.000000e+00	0.000000e+00	0.000000e+00	0.000000e+00	
5	4
4	9
9	26
26	30
30	34
34	40
40	42
42	43
43	44
44	48
48	49
49	53
53	58
58	74
47	41
41	35
35	31
31	27
27	10
10	5
74	75
75	78
78	81
81	82
82	87
87	88
88	89
89	90
90	93
93	94
94	95
95	104
104	107
107	108
108	109
109	110
110	115
115	116
116	114
114	113
113	112
112	111
111	106
106	105
105	103
103	102
102	101
101	100
100	99
99	98
98	97
97	96
96	92
92	91
91	86
86	85
85	84
84	83
83	80
80	79
16	15
15	14
14	13
13	12
12	11
11	7
7	6
6	1
1	2
2	3
3	8
8	24
24	28
28	32
32	36
36	37
37	45
45	50
50	118
118	120
120	122
122	124
124	125
125	127
127	130
130	131
131	133
133	136
136	139
175	166
166	165
165	164
164	163
163	162
162	161
161	160
160	159
159	158
158	157
157	156
156	155
155	154
154	153
153	152
152	150
150	149
149	148
148	147
147	146
146	143
143	142
142	138
138	137
137	135
135	134
134	132
132	129
129	128
128	126
126	123
123	121
121	119
119	117
117	47
79	77
77	76
76	73
73	72
72	71
71	70
70	69
69	68
68	67
67	66
66	65
65	64
64	63
63	62
62	61
61	60
60	59
59	57
57	56
56	55
55	54
54	52
52	51
51	46
46	39
39	38
38	33
33	29
29	25
25	23
23	22
22	21
21	20
20	19
19	18
18	17
17	16
139	140
140	141
141	144
144	145
145	151
151	167
167	168
168	169
169	170
170	171
171	172
172	173
173	174
174	191
191	192
192	194
194	196
196	200
200	199
199	198
198	197
197	195
195	193
193	190
190	189
189	188
188	187
187	186
186	185
185	184
184	183
183	182
182	181
181	180
180	179
179	178
178	177
177	176
176	175
